1
2

2
4

3
1

4
5

5
6

6
9

7
8

8
12

9
10

10
11

11
7

12
19

13
53

14
13

15
14

16
15

17
16

18
17

19
18

20
66

21
41

22
301

23
22

24
23

25
26

26
27

27
28

28
29

29
30

30
31

31
32

32
34

33
24

34
33

35
36

36
37

37
38

38
39

39
40

40
3

41
42

42
45

43
44

44
50

45
47

46
43

47
46

48
52

49
48

50
49

51
35

52
51

53
57

54
55

55
65

56
54

57
56

58
61

59
58

60
59

61
62

62
63

63
20

64
60

65
139

66
67

67
69

68
70

69
68

70
73

71
74

72
71

73
72

74
78

75
90

76
75

77
76

78
81

79
77

80
83

81
80

82
96

83
84

84
82

85
64

86
85

87
86

88
89

89
93

90
88

91
94

92
91

93
92

94
103

95
100

96
79

97
99

98
97

99
106

100
105

101
98

102
95

103
104

104
111

105
108

106
116

107
101

108
112

109
118

110
102

111
109

112
113

113
119

114
110

115
114

116
87

117
107

118
124

119
117

120
115

121
126

122
121

123
120

124
141

125
129

126
125

127
123

128
122

129
132

130
134

131
135

132
145

133
131

134
133

135
137

136
127

137
136

138
130

139
128

140
142

141
153

142
138

143
151

144
140

145
146

146
147

147
148

148
150

149
161

150
144

151
157

152
154

153
164

154
155

155
149

156
160

157
165

158
143

159
152

160
162

161
163

162
159

163
170

164
168

165
177

166
156

167
166

168
158

169
172

170
173

171
175

172
182

173
171

174
180

175
181

176
174

177
183

178
214

179
185

180
194

181
190

182
197

183
196

184
169

185
189

186
167

187
203

188
192

189
186

190
201

191
187

192
191

193
188

194
209

195
193

196
178

197
198

198
179

199
195

200
205

201
176

202
184

203
202

204
200

205
199

206
208

207
204

208
212

209
216

210
225

211
206

212
217

213
219

214
226

215
218

216
210

217
213

218
231

219
207

220
221

221
227

222
215

223
211

224
21

225
240

226
335

227
233

228
229

229
234

230
222

231
223

232
220

233
238

234
242

235
224

236
230

237
232

238
228

239
253

240
255

241
236

242
243

243
256

244
245

245
246

246
247

247
248

248
249

249
250

250
251

251
237

252
264

253
252

254
239

255
268

256
273

257
244

258
257

259
258

260
259

261
260

262
261

263
262

264
263

265
254

266
235

267
241

268
298

269
266

270
274

271
267

272
297

273
278

274
265

275
270

276
272

277
305

278
271

279
280

280
281

281
282

282
283

283
284

284
285

285
286

286
287

287
300

288
275

289
279

290
309

291
290

292
291

293
292

294
293

295
294

296
295

297
325

298
277

299
304

300
303

301
269

302
315

303
308

304
318

305
385

306
289

307
288

308
296

309
329

310
299

311
302

312
340

313
312

314
306

315
328

316
307

317
310

318
330

319
311

320
332

321
327

322
313

323
337

324
319

325
317

326
276

327
314

328
320

329
322

330
323

331
324

332
339

333
321

334
342

335
362

336
331

337
343

338
333

339
347

340
356

341
326

342
345

343
357

344
336

345
352

346
338

347
354

348
316

349
358

350
349

351
344

352
341

353
346

354
361

355
351

356
387

357
350

358
364

359
353

360
365

361
366

362
491

363
355

364
368

365
378

366
373

367
363

368
377

369
398

370
369

371
370

372
348

373
379

374
360

375
359

376
367

377
381

378
393

379
384

380
376

381
396

382
334

383
374

384
394

385
392

386
375

387
402

388
380

389
409

390
371

391
382

392
399

393
386

394
401

395
372

396
389

397
411

398
391

399
423

400
383

401
421

402
403

403
404

404
405

405
406

406
407

407
408

408
414

409
424

410
388

411
390

412
400

413
412

414
415

415
416

416
417

417
418

418
419

419
420

420
410

421
426

422
429

423
422

424
425

425
432

426
430

427
428

428
395

429
457

430
489

431
397

432
460

433
445

434
413

435
434

436
435

437
436

438
450

439
451

440
453

441
440

442
455

443
431

444
433

445
446

446
447

447
448

448
449

449
437

450
483

451
438

452
439

453
452

454
441

455
454

456
442

457
25

458
443

459
444

460
459

461
458

462
461

463
466

464
462

465
463

466
464

467
465

468
467

469
468

470
469

471
470

472
471

473
472

474
477

475
474

476
475

477
478

478
480

479
476

480
486

481
473

482
479

483
481

484
485

485
487

486
456

487
488

488
482

489
490

490
427

491
492

492
493

493
484

35607
