1
3

2
1

3
37

4
2

5
4

6
5

7
11

8
7

9
6

10
9

11
10

12
8

13
14

14
15

15
16

16
61

17
19

18
17

19
12

20
18

21
224

22
23

23
24

24
32

25
429

26
399

27
26

28
27

29
28

30
29

31
30

32
31

33
35

34
33

35
36

36
51

37
38

38
40

39
34

40
39

41
21

42
41

43
46

44
43

45
42

46
47

47
45

48
44

49
50

50
48

51
52

52
49

53
13

54
56

55
54

56
57

57
53

58
65

59
58

60
59

61
62

62
63

63
84

64
60

65
55

66
20

67
66

68
69

69
67

70
68

71
72

72
70

73
71

74
73

75
76

76
77

77
79

78
74

79
96

80
81

81
78

82
83

83
80

84
85

85
86

86
82

87
64

88
90

89
88

90
75

91
89

92
94

93
92

94
91

95
93

96
116

97
98

98
101

99
97

100
95

101
100

102
105

103
104

104
111

105
108

106
99

107
106

108
112

109
103

110
102

111
118

112
113

113
119

114
110

115
114

116
87

117
107

118
124

119
117

120
115

121
126

122
121

123
120

124
141

125
129

126
125

127
123

128
122

129
132

130
134

131
135

132
145

133
131

134
133

135
137

136
127

137
136

138
130

139
128

140
142

141
153

142
138

143
109

144
140

145
152

146
147

147
148

148
150

149
139

150
144

151
143

152
154

153
164

154
159

155
149

156
146

157
151

158
157

159
162

160
156

161
155

162
167

163
161

164
168

165
158

166
160

167
166

168
187

169
172

170
163

171
173

172
182

173
170

174
176

175
171

176
201

177
165

178
196

179
185

180
174

181
175

182
197

183
177

184
169

185
189

186
194

187
191

188
193

189
186

190
181

191
192

192
188

193
195

194
180

195
199

196
183

197
198

198
179

199
205

200
204

201
190

202
184

203
202

204
207

205
200

206
208

207
203

208
212

209
222

210
216

211
206

212
217

213
219

214
178

215
218

216
209

217
213

218
231

219
221

220
232

221
220

222
230

223
211

224
235

225
210

226
214

227
228

228
229

229
234

230
215

231
223

232
237

233
227

234
242

235
266

236
272

237
251

238
233

239
270

240
225

241
236

242
256

243
244

244
257

245
238

246
245

247
246

248
247

249
248

250
249

251
250

252
253

253
265

254
239

255
298

256
243

257
258

258
259

259
260

260
261

261
262

262
263

263
264

264
252

265
254

266
269

267
241

268
255

269
301

270
274

271
267

272
276

273
271

274
275

275
288

276
268

277
240

278
273

279
289

280
279

281
280

282
281

283
282

284
283

285
284

286
285

287
286

288
307

289
306

290
291

291
292

292
293

293
313

294
295

295
296

296
308

297
317

298
305

299
278

300
287

301
22

302
315

303
300

304
299

305
277

306
321

307
302

308
319

309
290

310
304

311
303

312
294

313
322

314
309

315
328

316
348

317
325

318
310

319
331

320
316

321
333

322
329

323
318

324
311

325
341

326
297

327
314

328
332

329
359

330
323

331
336

332
320

333
346

334
342

335
226

336
324

337
330

338
327

339
354

340
312

341
352

342
345

343
337

344
355

345
326

346
360

347
339

348
372

349
350

350
364

351
344

352
358

353
338

354
351

355
363

356
340

357
343

358
349

359
375

360
374

361
347

362
335

363
367

364
377

365
353

366
373

367
376

368
357

369
398

370
369

371
370

372
395

373
361

374
383

375
407

376
380

377
389

378
365

379
366

380
388

381
368

382
334

383
400

384
394

385
422

386
393

387
356

388
410

389
409

390
371

391
382

392
385

393
378

394
379

395
428

396
381

397
411

398
391

399
392

400
412

401
384

402
387

403
402

404
417

405
404

406
415

407
406

408
386

409
424

410
420

411
390

412
413

413
414

414
408

415
416

416
405

417
418

418
439

419
403

420
419

421
401

422
423

423
25

424
432

425
396

426
421

427
490

428
427

429
457

430
426

431
397

432
425

433
444

434
447

435
434

436
449

437
436

438
437

439
438

440
441

441
454

442
456

443
431

444
459

445
433

446
445

447
446

448
435

449
448

450
451

451
452

452
453

453
440

454
455

455
442

456
486

457
458

458
461

459
460

460
443

461
462

462
464

463
465

464
466

465
467

466
463

467
468

468
469

469
470

470
471

471
472

472
473

473
481

474
475

475
493

476
479

477
474

478
477

479
480

480
478

481
483

482
476

483
450

484
482

485
484

486
489

487
485

488
487

489
430

490
488

491
362

492
491

493
492

35864
