1
3

2
1

3
52

4
2

5
4

6
5

7
8

8
6

9
7

10
9

11
10

12
11

13
14

14
15

15
16

16
61

17
19

18
17

19
12

20
18

21
190

22
23

23
24

24
33

25
429

26
25

27
26

28
27

29
28

30
29

31
30

32
31

33
35

34
32

35
36

36
38

37
40

38
37

39
34

40
39

41
21

42
41

43
46

44
43

45
42

46
47

47
45

48
49

49
50

50
44

51
48

52
51

53
13

54
56

55
54

56
57

57
53

58
59

59
60

60
64

61
62

62
63

63
58

64
84

65
55

66
20

67
66

68
69

69
67

70
68

71
72

72
70

73
71

74
73

75
76

76
77

77
79

78
74

79
96

80
81

81
78

82
80

83
85

84
83

85
86

86
87

87
116

88
90

89
88

90
75

91
89

92
94

93
92

94
91

95
93

96
82

97
98

98
101

99
97

100
95

101
100

102
105

103
104

104
111

105
108

106
99

107
106

108
112

109
103

110
102

111
118

112
113

113
119

114
110

115
114

116
128

117
107

118
124

119
117

120
115

121
126

122
121

123
120

124
141

125
129

126
125

127
123

128
122

129
132

130
134

131
135

132
145

133
131

134
133

135
137

136
127

137
146

138
130

139
65

140
138

141
153

142
140

143
109

144
142

145
152

146
136

147
148

148
150

149
139

150
144

151
143

152
154

153
164

154
159

155
149

156
147

157
151

158
157

159
162

160
156

161
155

162
167

163
161

164
168

165
158

166
160

167
166

168
187

169
172

170
163

171
170

172
182

173
171

174
176

175
181

176
175

177
165

178
196

179
185

180
174

181
173

182
197

183
177

184
169

185
189

186
180

187
191

188
193

189
186

190
201

191
204

192
188

193
195

194
209

195
199

196
183

197
198

198
179

199
205

200
192

201
194

202
184

203
202

204
200

205
232

206
208

207
203

208
212

209
216

210
225

211
206

212
217

213
219

214
178

215
218

216
210

217
213

218
231

219
221

220
207

221
220

222
215

223
211

224
235

225
224

226
214

227
228

228
229

229
234

230
222

231
241

232
237

233
227

234
223

235
266

236
230

237
251

238
233

239
270

240
255

241
267

242
243

243
244

244
257

245
238

246
245

247
246

248
247

249
248

250
249

251
250

252
253

253
265

254
239

255
268

256
242

257
258

258
259

259
260

260
261

261
262

262
263

263
264

264
252

265
254

266
269

267
271

268
298

269
301

270
274

271
278

272
236

273
256

274
275

275
288

276
272

277
240

278
273

279
289

280
290

281
280

282
281

283
282

284
283

285
284

286
296

287
286

288
307

289
306

290
279

291
292

292
293

293
294

294
295

295
312

296
285

297
276

298
334

299
310

300
287

301
22

302
315

303
311

304
299

305
277

306
314

307
302

308
303

309
291

310
323

311
300

312
313

313
322

314
309

315
328

316
348

317
297

318
304

319
308

320
316

321
333

322
329

323
337

324
319

325
317

326
325

327
321

328
339

329
327

330
318

331
324

332
320

333
338

334
342

335
226

336
331

337
350

338
346

339
354

340
344

341
352

342
382

343
330

344
355

345
326

346
360

347
332

348
395

349
358

350
349

351
336

352
345

353
359

354
361

355
351

356
340

357
343

358
341

359
375

360
374

361
347

362
372

363
376

364
357

365
353

366
363

367
380

368
377

369
370

370
371

371
390

372
335

373
366

374
383

375
386

376
367

377
364

378
365

379
373

380
388

381
368

382
391

383
400

384
379

385
305

386
408

387
356

388
410

389
396

390
411

391
398

392
385

393
378

394
384

395
428

396
381

397
431

398
369

399
392

400
393

401
394

402
387

403
402

404
403

405
404

406
405

407
406

408
414

409
389

410
420

411
397

412
425

413
412

414
413

415
407

416
415

417
416

418
417

419
418

420
419

421
401

422
423

423
399

424
409

425
432

426
421

427
490

428
427

429
422

430
426

431
443

432
424

433
445

434
435

435
436

436
437

437
438

438
451

439
452

440
441

441
454

442
456

443
458

444
433

445
446

446
434

447
459

448
447

449
448

450
449

451
439

452
453

453
440

454
455

455
442

456
486

457
462

458
457

459
460

460
444

461
463

462
464

463
465

464
466

465
467

466
461

467
468

468
469

469
470

470
471

471
472

472
473

473
481

474
475

475
493

476
479

477
474

478
477

479
480

480
478

481
483

482
476

483
450

484
482

485
484

486
489

487
485

488
487

489
430

490
488

491
362

492
491

493
492

35789
