1
2

2
3

3
11

4
1

5
4

6
7

7
79

8
10

9
5

10
9

11
12

12
13

13
25

14
19

15
16

16
29

17
18

18
14

19
20

20
445

21
17

22
15

23
30

24
23

25
22

26
24

27
26

28
27

29
21

30
49

31
28

32
31

33
34

34
8

35
470

36
33

37
36

38
32

39
35

40
37

41
51

42
40

43
39

44
48

45
46

46
64

47
43

48
62

49
53

50
45

51
55

52
471

53
58

54
42

55
50

56
70

57
63

58
60

59
47

60
56

61
54

62
67

63
52

64
69

65
61

66
41

67
72

68
57

69
74

70
87

71
59

72
81

73
66

74
78

75
94

76
82

77
83

78
85

79
80

80
65

81
76

82
97

83
68

84
77

85
75

86
73

87
93

88
89

89
96

90
84

91
71

92
98

93
100

94
92

95
90

96
109

97
101

98
99

99
116

100
114

101
108

102
117

103
86

104
119

105
91

106
105

107
113

108
112

109
95

110
498

111
124

112
111

113
122

114
120

115
103

116
141

117
131

118
142

119
115

120
104

121
148

122
106

123
107

124
135

125
128

126
507

127
136

128
110

129
130

130
143

131
129

132
118

133
102

134
508

135
147

136
126

137
134

138
156

139
132

140
121

141
133

142
6

143
138

144
123

145
146

146
153

147
152

148
150

149
140

150
155

151
154

152
168

153
194

154
144

155
178

156
169

157
139

158
170

159
151

160
174

161
137

162
149

163
165

164
157

165
164

166
158

167
159

168
177

169
173

170
172

171
162

172
171

173
179

174
184

175
161

176
145

177
193

178
185

179
186

180
167

181
182

182
188

183
190

184
195

185
180

186
197

187
181

188
205

189
176

190
175

191
163

192
187

193
189

194
212

195
201

196
192

197
191

198
196

199
198

200
199

201
202

202
203

203
571

204
183

205
166

206
204

207
219

208
209

209
215

210
200

211
207

212
245

213
206

214
259

215
220

216
226

217
213

218
210

219
235

220
228

221
239

222
216

223
217

224
229

225
208

226
237

227
225

228
253

229
251

230
581

231
221

232
236

233
222

234
250

235
241

236
211

237
249

238
232

239
263

240
231

241
218

242
233

243
227

244
224

245
234

246
223

247
230

248
261

249
255

250
278

251
243

252
248

253
269

254
240

255
276

256
244

257
268

258
247

259
267

260
256

261
242

262
254

263
290

264
262

265
264

266
246

267
281

268
283

269
252

270
238

271
285

272
265

273
275

274
266

275
284

276
288

277
271

278
292

279
282

280
258

281
274

282
302

283
286

284
287

285
260

286
279

287
257

288
293

289
294

290
270

291
272

292
273

293
295

294
300

295
326

296
303

297
298

298
307

299
291

300
304

301
277

302
296

303
297

304
325

305
312

306
305

307
593

308
299

309
289

310
309

311
366

312
301

313
306

314
329

315
314

316
315

317
316

318
308

319
313

320
317

321
311

322
310

323
318

324
341

325
335

326
322

327
321

328
319

329
340

330
339

331
320

332
331

333
330

334
328

335
347

336
323

337
344

338
357

339
345

340
360

341
362

342
346

343
350

344
355

345
354

346
336

347
324

348
342

349
343

350
388

351
327

352
358

353
333

354
363

355
361

356
332

357
394

358
334

359
352

360
364

361
356

362
373

363
368

364
353

365
349

366
378

367
369

368
383

369
375

370
351

371
365

372
348

373
392

374
359

375
377

376
337

377
386

378
387

379
374

380
367

381
376

382
384

383
393

384
419

385
380

386
396

387
402

388
370

389
371

390
401

391
400

392
399

393
412

394
382

395
385

396
403

397
379

398
389

399
390

400
372

401
405

402
406

403
407

404
395

405
416

406
415

407
414

408
404

409
623

410
417

411
397

412
418

413
408

414
426

415
411

416
422

417
391

418
430

419
429

420
425

421
410

422
440

423
398

424
433

425
432

426
420

427
409

428
427

429
381

430
435

431
437

432
424

433
436

434
413

435
434

436
431

437
423

438
439

439
421

440
438

441
442

442
444

443
450

444
448

445
446

446
441

447
443

448
447

449
454

450
449

451
453

452
455

453
452

454
451

455
459

456
474

457
458

458
476

459
465

460
456

461
460

462
461

463
464

464
467

465
463

466
462

467
469

468
466

469
44

470
38

471
468

472
484

473
472

474
457

475
521

476
477

477
480

478
475

479
478

480
479

481
486

482
481

483
473

484
88

485
490

486
487

487
491

488
485

489
488

490
493

491
497

492
483

493
496

494
489

495
492

496
501

497
499

498
495

499
494

500
505

501
502

502
504

503
500

504
503

505
127

506
125

507
506

508
509

509
510

510
512

511
160

512
511

513
514

514
517

515
482

516
515

517
518

518
519

519
516

520
522

521
520

522
528

523
525

524
530

525
531

526
523

527
526

528
527

529
513

530
532

531
534

532
533

533
536

534
524

535
537

536
535

537
538

538
539

539
540

540
541

541
542

542
543

543
545

544
552

545
546

546
547

547
548

548
549

549
554

550
544

551
550

552
557

553
629

554
559

555
551

556
555

557
560

558
556

559
564

560
529

561
565

562
563

563
553

564
566

565
562

566
561

567
558

568
567

569
570

570
572

571
568

572
573

573
627

574
575

575
579

576
580

577
578

578
574

579
583

580
588

581
214

582
587

583
582

584
577

585
584

586
585

587
590

588
589

589
586

590
599

591
594

592
597

593
280

594
600

595
591

596
592

597
598

598
595

599
601

600
604

601
602

602
596

603
609

604
605

605
610

606
607

607
611

608
338

609
606

610
615

611
608

612
603

613
612

614
620

615
622

616
614

617
616

618
617

619
618

620
613

621
619

622
624

623
621

624
626

625
428

626
625

627
655

628
569

629
630

630
631

631
632

632
633

633
634

634
636

635
637

636
635

637
638

638
639

639
640

640
641

641
642

642
643

643
644

644
645

645
647

646
648

647
646

648
649

649
650

650
651

651
652

652
653

653
654

654
628

655
656

656
657

657
576

50574
