1
2

2
3

3
11

4
1

5
4

6
5

7
6

8
54

9
10

10
12

11
9

12
13

13
25

14
19

15
16

16
17

17
21

18
14

19
20

20
445

21
29

22
15

23
18

24
26

25
22

26
27

27
28

28
31

29
41

30
23

31
32

32
38

33
34

34
8

35
470

36
33

37
36

38
35

39
43

40
37

41
66

42
40

43
47

44
39

45
46

46
42

47
59

48
44

49
30

50
45

51
50

52
63

53
49

54
61

55
51

56
60

57
68

58
53

59
71

60
58

61
65

62
48

63
57

64
55

65
80

66
73

67
62

68
77

69
64

70
56

71
91

72
67

73
86

74
69

75
85

76
82

77
84

78
74

79
7

80
102

81
72

82
81

83
76

84
89

85
78

86
104

87
70

88
96

89
88

90
95

91
105

92
98

93
87

94
75

95
83

96
109

97
111

98
99

99
94

100
93

101
97

102
116

103
92

104
120

105
106

106
122

107
112

108
101

109
90

110
128

111
144

112
108

113
123

114
121

115
103

116
133

117
129

118
79

119
115

120
114

121
100

122
113

123
107

124
135

125
506

126
127

127
505

128
145

129
130

130
132

131
117

132
139

133
141

134
509

135
110

136
125

137
134

138
131

139
143

140
149

141
138

142
118

143
163

144
154

145
146

146
176

147
124

148
140

149
162

150
148

151
159

152
147

153
136

154
151

155
150

156
169

157
164

158
119

159
167

160
183

161
153

162
171

163
156

164
142

165
157

166
158

167
168

168
152

169
173

170
172

171
170

172
205

173
179

174
512

175
161

176
189

177
224

178
155

179
186

180
185

181
182

182
188

183
190

184
174

185
178

186
197

187
181

188
166

189
193

190
204

191
165

192
187

193
177

194
175

195
184

196
192

197
191

198
196

199
198

200
199

201
195

202
203

203
582

204
206

205
226

206
213

207
210

208
180

209
208

210
218

211
232

212
194

213
217

214
201

215
209

216
222

217
223

218
200

219
240

220
215

221
207

222
233

223
246

224
250

225
227

226
237

227
251

228
220

229
225

230
581

231
221

232
236

233
242

234
212

235
219

236
239

237
249

238
211

239
263

240
231

241
235

242
261

243
228

244
229

245
234

246
266

247
230

248
252

249
255

250
278

251
243

252
269

253
271

254
262

255
216

256
244

257
245

258
247

259
267

260
256

261
248

262
272

263
254

264
265

265
241

266
274

267
281

268
257

269
253

270
238

271
277

272
264

273
275

274
259

275
284

276
289

277
301

278
292

279
286

280
258

281
297

282
279

283
268

284
287

285
260

286
283

287
314

288
276

289
294

290
270

291
290

292
273

293
288

294
300

295
293

296
302

297
298

298
307

299
291

300
304

301
311

302
282

303
296

304
324

305
285

306
305

307
593

308
299

309
295

310
309

311
321

312
319

313
306

314
315

315
316

316
330

317
337

318
308

319
313

320
303

321
327

322
310

323
318

324
325

325
335

326
322

327
351

328
312

329
340

330
317

331
320

332
356

333
329

334
328

335
347

336
323

337
344

338
357

339
333

340
360

341
362

342
346

343
350

344
355

345
339

346
336

347
341

348
342

349
343

350
326

351
370

352
358

353
364

354
345

355
331

356
361

357
332

358
334

359
352

360
353

361
376

362
348

363
354

364
367

365
349

366
378

367
369

368
363

369
375

370
366

371
365

372
373

373
392

374
359

375
377

376
381

377
380

378
387

379
374

380
385

381
384

382
394

383
368

384
382

385
395

386
397

387
388

388
431

389
371

390
398

391
400

392
399

393
383

394
419

395
404

396
386

397
379

398
389

399
416

400
372

401
390

402
406

403
396

404
408

405
401

406
415

407
403

408
413

409
623

410
417

411
414

412
393

413
430

414
407

415
411

416
405

417
391

418
412

419
429

420
425

421
410

422
440

423
422

424
433

425
432

426
420

427
409

428
427

429
418

430
435

431
436

432
424

433
402

434
426

435
434

436
437

437
423

438
439

439
421

440
438

441
24

442
441

443
450

444
442

445
446

446
448

447
444

448
447

449
454

450
449

451
453

452
455

453
452

454
451

455
462

456
474

457
458

458
460

459
463

460
461

461
468

462
466

463
464

464
443

465
459

466
456

467
465

468
471

469
467

470
469

471
52

472
480

473
484

474
457

475
521

476
475

477
476

478
477

479
478

480
479

481
486

482
481

483
473

484
472

485
490

486
487

487
491

488
482

489
488

490
496

491
494

492
483

493
489

494
499

495
492

496
493

497
498

498
495

499
497

500
503

501
508

502
501

503
504

504
502

505
500

506
507

507
126

508
137

509
510

510
511

511
160

512
560

513
514

514
517

515
485

516
515

517
518

518
519

519
516

520
522

521
520

522
528

523
525

524
530

525
531

526
523

527
526

528
527

529
513

530
532

531
534

532
533

533
536

534
524

535
537

536
535

537
538

538
539

539
540

540
541

541
542

542
543

543
544

544
550

545
546

546
547

547
553

548
545

549
548

550
551

551
552

552
557

553
629

554
549

555
559

556
555

557
558

558
556

559
554

560
529

561
564

562
565

563
562

564
566

565
561

566
567

567
571

568
202

569
563

570
569

571
568

572
570

573
572

574
578

575
574

576
657

577
584

578
577

579
575

580
588

581
214

582
587

583
579

584
585

585
586

586
576

587
590

588
589

589
591

590
599

591
594

592
583

593
280

594
600

595
598

596
609

597
592

598
597

599
601

600
604

601
608

602
596

603
595

604
605

605
610

606
602

607
606

608
611

609
603

610
615

611
607

612
613

613
620

614
338

615
622

616
614

617
616

618
617

619
618

620
626

621
619

622
624

623
621

624
612

625
428

626
625

627
573

628
654

629
630

630
631

631
632

632
633

633
634

634
635

635
636

636
640

637
641

638
637

639
638

640
639

641
642

642
643

643
644

644
645

645
647

646
648

647
646

648
649

649
653

650
651

651
652

652
628

653
650

654
655

655
656

656
627

657
580

50743
