1
2

2
3

3
11

4
1

5
4

6
5

7
6

8
34

9
8

10
9

11
12

12
13

13
15

14
19

15
16

16
17

17
18

18
14

19
20

20
445

21
22

22
25

23
30

24
23

25
10

26
441

27
26

28
27

29
21

30
49

31
28

32
31

33
36

34
33

35
38

36
37

37
40

38
32

39
44

40
42

41
29

42
54

43
39

44
59

45
50

46
45

47
43

48
52

49
53

50
55

51
41

52
471

53
58

54
61

55
51

56
47

57
63

58
66

59
71

60
56

61
65

62
48

63
68

64
46

65
79

66
73

67
62

68
77

69
64

70
60

71
91

72
67

73
86

74
69

75
85

76
81

77
84

78
74

79
7

80
102

81
72

82
76

83
97

84
89

85
78

86
70

87
93

88
96

89
88

90
83

91
105

92
98

93
100

94
75

95
90

96
109

97
111

98
99

99
94

100
114

101
82

102
116

103
92

104
119

105
106

106
122

107
112

108
101

109
95

110
128

111
124

112
108

113
107

114
120

115
103

116
133

117
80

118
132

119
115

120
104

121
87

122
150

123
113

124
135

125
506

126
136

127
505

128
125

129
117

130
143

131
129

132
139

133
141

134
509

135
147

136
127

137
134

138
131

139
130

140
121

141
156

142
118

143
138

144
123

145
110

146
145

147
152

148
155

149
140

150
148

151
154

152
168

153
146

154
144

155
178

156
169

157
164

158
205

159
151

160
183

161
153

162
149

163
165

164
142

165
157

166
158

167
159

168
167

169
173

170
171

171
162

172
170

173
179

174
512

175
161

176
212

177
193

178
185

179
186

180
208

181
182

182
188

183
190

184
174

185
180

186
196

187
181

188
166

189
176

190
204

191
163

192
187

193
189

194
175

195
184

196
192

197
191

198
207

199
198

200
199

201
195

202
201

203
202

204
206

205
172

206
213

207
219

208
209

209
215

210
200

211
197

212
194

213
217

214
203

215
220

216
226

217
223

218
210

219
235

220
228

221
231

222
216

223
246

224
177

225
229

226
237

227
225

228
253

229
224

230
581

231
240

232
236

233
222

234
250

235
221

236
211

237
249

238
232

239
263

240
239

241
218

242
233

243
227

244
251

245
234

246
266

247
230

248
242

249
255

250
278

251
243

252
248

253
252

254
264

255
276

256
244

257
245

258
247

259
267

260
256

261
269

262
254

263
290

264
265

265
304

266
282

267
280

268
257

269
271

270
238

271
277

272
262

273
275

274
259

275
284

276
288

277
301

278
292

279
286

280
593

281
274

282
279

283
268

284
287

285
260

286
283

287
314

288
293

289
241

290
270

291
272

292
273

293
295

294
289

295
261

296
303

297
298

298
281

299
291

300
294

301
312

302
296

303
297

304
300

305
285

306
305

307
357

308
299

309
335

310
309

311
321

312
311

313
306

314
329

315
316

316
330

317
337

318
308

319
313

320
302

321
327

322
310

323
318

324
341

325
324

326
322

327
351

328
319

329
340

330
317

331
320

332
331

333
315

334
328

335
325

336
323

337
344

338
608

339
333

340
360

341
347

342
336

343
350

344
355

345
339

346
342

347
373

348
362

349
343

350
326

351
370

352
358

353
364

354
345

355
361

356
332

357
338

358
334

359
352

360
353

361
356

362
346

363
354

364
367

365
349

366
378

367
369

368
363

369
375

370
366

371
365

372
348

373
392

374
359

375
377

376
419

377
380

378
387

379
374

380
385

381
376

382
384

383
368

384
381

385
393

386
396

387
388

388
431

389
371

390
401

391
400

392
399

393
383

394
382

395
386

396
403

397
379

398
389

399
390

400
372

401
405

402
406

403
407

404
395

405
416

406
415

407
414

408
404

409
428

410
417

411
397

412
418

413
408

414
426

415
411

416
422

417
391

418
430

419
429

420
425

421
410

422
440

423
398

424
433

425
432

426
420

427
394

428
427

429
412

430
435

431
436

432
424

433
402

434
413

435
434

436
437

437
423

438
439

439
421

440
438

441
24

442
443

443
450

444
442

445
446

446
448

447
444

448
447

449
454

450
449

451
453

452
455

453
452

454
451

455
456

456
474

457
458

458
476

459
465

460
461

461
462

462
459

463
464

464
470

465
469

466
468

467
463

468
460

469
467

470
35

471
466

472
57

473
484

474
457

475
521

476
477

477
480

478
475

479
478

480
479

481
486

482
481

483
473

484
472

485
490

486
487

487
491

488
482

489
488

490
493

491
497

492
483

493
496

494
489

495
492

496
501

497
499

498
495

499
498

500
494

501
502

502
503

503
504

504
508

505
500

506
507

507
126

508
137

509
510

510
511

511
160

512
568

513
514

514
517

515
485

516
515

517
518

518
519

519
516

520
522

521
520

522
528

523
525

524
530

525
531

526
523

527
526

528
527

529
513

530
532

531
534

532
533

533
536

534
524

535
537

536
535

537
538

538
539

539
540

540
541

541
542

542
543

543
545

544
552

545
546

546
632

547
548

548
549

549
554

550
544

551
550

552
557

553
547

554
559

555
551

556
555

557
560

558
556

559
564

560
529

561
565

562
563

563
569

564
566

565
562

566
561

567
558

568
571

569
570

570
572

571
567

572
573

573
627

574
575

575
579

576
580

577
578

578
574

579
583

580
588

581
214

582
587

583
582

584
577

585
584

586
585

587
258

588
591

589
586

590
596

591
594

592
595

593
307

594
600

595
589

596
609

597
592

598
597

599
590

600
604

601
599

602
601

603
598

604
605

605
610

606
602

607
606

608
611

609
614

610
615

611
607

612
603

613
612

614
616

615
622

616
617

617
618

618
619

619
621

620
613

621
623

622
624

623
409

624
626

625
620

626
625

627
628

628
654

629
553

630
629

631
630

632
633

633
634

634
636

635
637

636
635

637
638

638
639

639
640

640
641

641
642

642
643

643
644

644
645

645
647

646
648

647
646

648
649

649
653

650
651

651
652

652
631

653
650

654
655

655
656

656
657

657
576

50978
