1
2

2
3

3
11

4
1

5
4

6
7

7
79

8
10

9
5

10
9

11
12

12
13

13
25

14
19

15
16

16
29

17
18

18
14

19
20

20
445

21
17

22
15

23
30

24
23

25
22

26
32

27
26

28
27

29
21

30
31

31
28

32
470

33
34

34
8

35
38

36
33

37
36

38
39

39
43

40
37

41
51

42
40

43
47

44
469

45
46

46
64

47
59

48
62

49
53

50
45

51
55

52
48

53
41

54
42

55
50

56
49

57
68

58
60

59
71

60
56

61
54

62
67

63
52

64
69

65
61

66
58

67
44

68
472

69
74

70
86

71
72

72
81

73
66

74
78

75
94

76
63

77
83

78
85

79
80

80
65

81
82

82
76

83
97

84
77

85
75

86
73

87
93

88
89

89
109

90
84

91
87

92
103

93
70

94
99

95
90

96
88

97
101

98
92

99
98

100
121

101
108

102
117

103
115

104
120

105
91

106
105

107
123

108
112

109
95

110
96

111
124

112
107

113
122

114
100

115
119

116
102

117
129

118
6

119
104

120
114

121
140

122
106

123
113

124
147

125
128

126
136

127
508

128
110

129
130

130
132

131
138

132
118

133
116

134
137

135
145

136
127

137
160

138
156

139
143

140
149

141
133

142
139

143
131

144
111

145
146

146
507

147
135

148
150

149
148

150
155

151
154

152
168

153
176

154
144

155
178

156
169

157
164

158
166

159
151

160
511

161
153

162
170

163
165

164
142

165
157

166
141

167
159

168
167

169
173

170
158

171
162

172
171

173
179

174
183

175
161

176
189

177
152

178
185

179
186

180
208

181
182

182
188

183
190

184
174

185
180

186
198

187
181

188
205

189
193

190
204

191
163

192
187

193
177

194
175

195
184

196
192

197
191

198
200

199
196

200
199

201
195

202
203

203
575

204
206

205
172

206
213

207
197

208
209

209
215

210
219

211
232

212
194

213
217

214
201

215
220

216
226

217
223

218
210

219
221

220
228

221
207

222
233

223
246

224
250

225
229

226
237

227
225

228
222

229
244

230
581

231
240

232
236

233
216

234
212

235
218

236
239

237
249

238
211

239
231

240
254

241
235

242
248

243
227

244
224

245
234

246
266

247
230

248
252

249
255

250
278

251
243

252
261

253
271

254
262

255
242

256
251

257
245

258
247

259
267

260
256

261
269

262
272

263
290

264
265

265
241

266
274

267
281

268
257

269
253

270
238

271
277

272
264

273
275

274
259

275
284

276
289

277
301

278
292

279
286

280
258

281
298

282
279

283
268

284
287

285
260

286
317

287
314

288
276

289
294

290
270

291
263

292
273

293
288

294
300

295
293

296
302

297
303

298
297

299
291

300
304

301
311

302
282

303
296

304
325

305
285

306
305

307
593

308
299

309
310

310
322

311
321

312
319

313
306

314
329

315
316

316
283

317
337

318
308

319
313

320
331

321
327

322
326

323
318

324
341

325
335

326
295

327
351

328
312

329
340

330
333

331
344

332
307

333
315

334
328

335
347

336
323

337
320

338
357

339
330

340
360

341
373

342
346

343
309

344
355

345
339

346
336

347
324

348
342

349
343

350
349

351
370

352
358

353
364

354
345

355
361

356
394

357
332

358
334

359
352

360
353

361
356

362
348

363
354

364
367

365
350

366
378

367
369

368
363

369
375

370
366

371
365

372
391

373
362

374
359

375
377

376
381

377
380

378
387

379
374

380
385

381
419

382
384

383
368

384
376

385
393

386
397

387
388

388
431

389
371

390
398

391
392

392
399

393
383

394
382

395
386

396
403

397
396

398
389

399
416

400
372

401
390

402
379

403
407

404
395

405
401

406
402

407
414

408
404

409
623

410
417

411
425

412
418

413
408

414
426

415
406

416
405

417
400

418
430

419
429

420
411

421
410

422
440

423
422

424
415

425
432

426
420

427
409

428
427

429
412

430
435

431
436

432
433

433
424

434
413

435
434

436
437

437
423

438
439

439
421

440
438

441
24

442
441

443
450

444
442

445
446

446
448

447
444

448
447

449
451

450
449

451
454

452
455

453
452

454
459

455
462

456
474

457
458

458
460

459
453

460
468

461
456

462
461

463
464

464
443

465
463

466
471

467
465

468
466

469
467

470
35

471
57

472
484

473
480

474
457

475
521

476
475

477
476

478
477

479
478

480
479

481
486

482
481

483
473

484
483

485
482

486
488

487
492

488
489

489
494

490
485

491
487

492
495

493
496

494
493

495
498

496
501

497
491

498
506

499
497

500
505

501
502

502
504

503
500

504
503

505
499

506
125

507
126

508
134

509
510

510
529

511
509

512
568

513
514

514
517

515
490

516
515

517
518

518
519

519
516

520
522

521
520

522
528

523
525

524
530

525
531

526
523

527
526

528
527

529
513

530
532

531
534

532
533

533
536

534
524

535
537

536
535

537
538

538
539

539
540

540
541

541
542

542
543

543
544

544
550

545
546

546
547

547
553

548
545

549
548

550
551

551
555

552
557

553
629

554
549

555
556

556
558

557
560

558
552

559
554

560
512

561
566

562
565

563
562

564
559

565
561

566
564

567
571

568
567

569
563

570
569

571
202

572
570

573
657

574
572

575
579

576
580

577
578

578
574

579
583

580
588

581
214

582
587

583
582

584
577

585
584

586
585

587
590

588
591

589
586

590
599

591
594

592
597

593
280

594
600

595
589

596
592

597
598

598
603

599
601

600
604

601
596

602
606

603
595

604
605

605
610

606
607

607
611

608
338

609
602

610
615

611
608

612
609

613
612

614
620

615
622

616
614

617
616

618
617

619
618

620
613

621
619

622
624

623
621

624
626

625
428

626
625

627
573

628
655

629
630

630
631

631
632

632
633

633
634

634
636

635
637

636
635

637
638

638
639

639
640

640
641

641
642

642
643

643
644

644
645

645
647

646
648

647
646

648
649

649
650

650
651

651
652

652
653

653
654

654
628

655
656

656
627

657
576

50919
