1
3

2
1

3
8

4
106

5
4

6
2

7
6

8
9

9
5

10
7

11
10

12
15

13
14

14
34

15
11

16
12

17
16

18
17

19
24

20
23

21
103

22
21

23
28

24
27

25
18

26
25

27
26

28
19

29
22

30
29

31
30

32
31

33
32

34
35

35
39

36
33

37
36

38
145

39
38

40
104

41
42

42
37

43
41

44
47

45
49

46
43

47
51

48
45

49
317

50
48

51
54

52
46

53
52

54
57

55
50

56
55

57
58

58
53

59
56

60
61

61
65

62
105

63
62

64
63

65
66

66
70

67
79

68
67

69
74

70
69

71
68

72
64

73
76

74
75

75
81

76
80

77
72

78
71

79
77

80
86

81
73

82
78

83
82

84
83

85
84

86
89

87
190

88
87

89
90

90
99

91
85

92
91

93
102

94
88

95
94

96
92

97
96

98
93

99
98

100
95

101
97

102
101

103
20

104
44

105
59

106
107

107
111

108
113

109
212

110
109

111
112

112
115

113
114

114
119

115
116

116
13

117
108

118
221

119
118

120
117

121
124

122
121

123
122

124
129

125
135

126
208

127
126

128
125

129
132

130
123

131
130

132
138

133
128

134
127

135
136

136
137

137
134

138
133

139
140

140
143

141
142

142
131

143
144

144
147

145
209

146
148

147
146

148
151

149
150

150
154

151
157

152
149

153
155

154
153

155
160

156
152

157
158

158
163

159
156

160
161

161
164

162
159

163
162

164
210

165
269

166
165

167
168

168
175

169
177

170
171

171
166

172
60

173
172

174
179

175
174

176
173

177
182

178
169

179
180

180
186

181
178

182
184

183
176

184
191

185
181

186
185

187
183

188
187

189
188

190
189

191
194

192
295

193
192

194
195

195
204

196
197

197
201

198
196

199
302

200
199

201
202

202
206

203
198

204
203

205
200

206
207

207
100

208
120

209
141

210
167

211
213

212
211

213
218

214
223

215
214

216
110

217
216

218
219

219
215

220
217

221
220

222
225

223
224

224
244

225
313

226
229

227
226

228
227

229
234

230
222

231
232

232
239

233
230

234
237

235
228

236
235

237
243

238
233

239
240

240
241

241
242

242
139

243
238

244
245

245
248

246
247

247
236

248
249

249
318

250
314

251
254

252
251

253
252

254
257

255
259

256
253

257
261

258
255

259
250

260
258

261
264

262
256

263
262

264
266

265
260

266
265

267
268

268
263

269
315

270
271

271
275

272
274

273
272

274
277

275
276

276
297

277
278

278
281

279
280

280
273

281
170

282
287

283
291

284
279

285
284

286
283

287
289

288
282

289
296

290
286

291
285

292
288

293
292

294
293

295
294

296
290

297
298

298
304

299
309

300
299

301
193

302
301

303
306

304
310

305
300

306
307

307
311

308
303

309
308

310
305

311
312

312
205

313
231

314
246

315
267

316
40

317
316

318
270

42450
