1
3

2
1

3
8

4
107

5
4

6
2

7
6

8
9

9
17

10
7

11
10

12
20

13
116

14
13

15
11

16
18

17
16

18
25

19
12

20
23

21
103

22
21

23
28

24
19

25
26

26
36

27
24

28
30

29
22

30
31

31
32

32
29

33
27

34
14

35
34

36
37

37
39

38
35

39
38

40
104

41
44

42
41

43
42

44
47

45
49

46
43

47
51

48
45

49
317

50
48

51
54

52
46

53
52

54
57

55
50

56
55

57
105

58
53

59
56

60
61

61
65

62
63

63
58

64
62

65
66

66
70

67
79

68
67

69
74

70
69

71
68

72
64

73
76

74
75

75
81

76
80

77
72

78
71

79
77

80
86

81
73

82
78

83
82

84
83

85
84

86
89

87
190

88
87

89
90

90
99

91
85

92
91

93
102

94
197

95
94

96
92

97
96

98
93

99
98

100
95

101
97

102
101

103
15

104
33

105
59

106
108

107
106

108
113

109
212

110
109

111
5

112
111

113
114

114
122

115
112

116
115

117
120

118
221

119
118

120
208

121
123

122
121

123
130

124
117

125
128

126
127

127
134

128
133

129
124

130
131

131
132

132
129

133
138

134
137

135
125

136
135

137
136

138
141

139
242

140
139

141
142

142
144

143
140

144
143

145
154

146
149

147
146

148
147

149
152

150
209

151
148

152
156

153
150

154
155

155
160

156
159

157
151

158
157

159
162

160
161

161
210

162
153

163
158

164
60

165
166

166
170

167
168

168
163

169
167

170
171

171
175

172
184

173
172

174
179

175
174

176
173

177
169

178
181

179
180

180
186

181
185

182
177

183
176

184
182

185
191

186
178

187
183

188
187

189
188

190
189

191
194

192
295

193
192

194
195

195
204

196
88

197
196

198
201

199
302

200
199

201
202

202
206

203
198

204
203

205
200

206
207

207
100

208
126

209
145

210
164

211
213

212
211

213
222

214
223

215
214

216
110

217
216

218
219

219
215

220
217

221
220

222
230

223
224

224
244

225
119

226
227

227
218

228
226

229
236

230
233

231
313

232
231

233
238

234
229

235
228

236
235

237
234

238
243

239
232

240
239

241
240

242
241

243
237

244
245

245
248

246
314

247
246

248
249

249
318

250
259

251
252

252
247

253
251

254
257

255
250

256
253

257
261

258
255

259
269

260
258

261
264

262
256

263
262

264
267

265
260

266
265

267
315

268
263

269
165

270
271

271
275

272
273

273
268

274
272

275
276

276
297

277
282

278
277

279
274

280
279

281
278

282
287

283
291

284
280

285
284

286
283

287
289

288
281

289
294

290
286

291
285

292
288

293
292

294
296

295
293

296
290

297
298

298
304

299
309

300
299

301
193

302
301

303
306

304
310

305
300

306
307

307
311

308
303

309
308

310
305

311
312

312
205

313
225

314
254

315
266

316
40

317
316

318
270

42576
