1
24

2
1

3
2

4
3

5
4

6
5

7
6

8
7

9
33

10
9

11
10

12
13

13
35

14
12

15
14

16
40

17
16

18
17

19
42

20
43

21
20

22
21

23
22

24
25

25
26

26
27

27
28

28
29

29
52

30
8

31
53

32
31

33
32

34
11

35
34

36
37

37
38

38
61

39
15

40
39

41
18

42
41

43
19

44
45

45
46

46
23

47
70

48
47

49
48

50
51

51
74

52
50

53
30

54
55

55
56

56
57

57
58

58
59

59
36

60
82

61
62

62
63

63
64

64
87

65
66

66
90

67
44

68
67

69
68

70
71

71
93

72
49

73
72

74
73

75
76

76
77

77
78

78
100

79
54

80
79

81
106

82
80

83
60

84
83

85
84

86
85

87
65

88
112

89
88

90
89

91
92

92
69

93
94

94
96

95
117

96
97

97
98

98
75

99
120

100
101

101
123

102
104

103
102

104
81

105
129

106
105

107
130

108
109

109
110

110
86

111
134

112
111

113
91

114
113

115
114

116
139

117
116

118
95

119
141

120
119

121
122

122
124

123
99

124
146

125
126

126
103

127
149

128
127

129
107

130
152

131
108

132
131

133
132

134
135

135
136

136
158

137
160

138
115

139
140

140
162

141
118

142
143

143
144

144
121

145
167

146
147

147
148

148
125

149
150

150
173

151
128

152
151

153
154

154
178

155
133

156
155

157
156

158
159

159
137

160
161

161
138

162
185

163
164

164
142

165
188

166
165

167
166

168
145

169
168

170
169

171
170

172
171

173
172

174
175

175
176

176
177

177
153

178
201

179
180

180
181

181
204

182
157

183
182

184
183

185
163

186
209

187
186

188
187

189
190

190
191

191
192

192
193

193
194

194
195

195
217

196
174

197
196

198
221

199
198

200
199

201
202

202
203

203
179

204
205

205
229

206
207

207
184

208
210

209
208

210
211

211
212

212
189

213
236

214
213

215
214

216
215

217
216

218
219

219
220

220
243

221
197

222
200

223
224

224
222

225
249

226
225

227
226

228
227

229
206

230
228

231
254

232
231

233
232

234
233

235
234

236
237

237
238

238
239

239
240

240
241

241
218

242
265

243
245

244
242

245
244

246
223

247
246

248
247

249
248

250
251

251
274

252
253

253
230

254
256

255
277

256
255

257
282

258
235

259
258

260
259

261
260

262
261

263
264

264
262

265
266

266
267

267
268

268
269

269
292

270
271

271
272

272
250

273
297

274
273

275
252

276
275

277
278

278
279

279
280

280
257

281
283

282
281

283
306

284
285

285
309

286
263

287
286

288
287

289
288

290
289

291
314

292
270

293
291

294
293

295
294

296
295

297
320

298
299

299
276

300
325

301
300

302
301

303
302

304
303

305
304

306
284

307
330

308
307

309
310

310
311

311
312

312
335

313
290

314
315

315
316

316
339

317
318

318
296

319
343

320
319

321
298

322
321

323
346

324
323

325
324

326
327

327
350

328
305

329
328

330
329

331
308

332
331

333
332

334
333

335
334

336
313

337
336

338
337

339
338

340
317

341
340

342
366

343
342

344
322

345
344

346
347

347
348

348
349

349
326

350
351

351
374

352
353

353
354

354
355

355
356

356
357

357
358

358
359

359
383

360
361

361
362

362
363

363
386

364
341

365
364

366
365

367
368

368
345

369
392

370
394

371
370

372
371

373
395

374
373

375
376

376
352

377
400

378
377

379
378

380
379

381
380

382
381

383
360

384
382

385
384

386
385

387
410

388
411

389
434

390
367

391
390

392
416

393
369

394
393

395
372

396
420

397
375

398
397

399
398

400
401

401
402

402
403

403
404

404
405

405
406

406
407

407
408

408
409

409
387

410
388

411
412

412
413

413
389

414
391

415
438

416
417

417
415

418
419

419
396

420
421

421
423

422
399

423
422

424
447

425
424

426
425

427
426

428
427

429
428

430
429

431
430

432
431

433
432

434
433

435
436

436
460

437
414

438
439

439
440

440
464

441
418

442
441

443
467

444
443

445
444

446
468

447
448

448
471

449
450

450
451

451
473

452
453

453
476

454
455

455
456

456
457

457
479

458
435

459
458

460
437

461
484

462
461

463
462

464
465

465
442

466
490

467
466

468
445

469
470

470
446

471
472

472
449

473
474

474
475

475
452

476
477

477
454

478
500

479
478

480
481

481
505

482
459

483
482

484
485

485
507

486
463

487
486

488
511

489
488

490
512

491
469

492
491

493
516

494
493

495
494

496
495

497
496

498
497

499
498

500
499

501
502

502
503

503
480

504
526

505
504

506
483

507
508

508
532

509
487

510
509

511
510

512
489

513
514

514
492

515
538

516
515

517
541

518
519

519
520

520
542

521
522

522
523

523
524

524
501

525
548

526
525

527
528

528
529

529
506

530
553

531
530

532
531

533
534

534
535

535
557

536
513

537
536

538
537

539
563

540
517

541
518

542
543

543
566

544
521

545
568

546
544

547
569

548
547

549
527

550
549

551
550

552
551

553
554

554
555

555
556

556
533

557
558

558
559

559
560

560
561

561
562

562
539

563
564

564
565

565
540

566
567

567
545

568
546

569
570

570
571

571
572

572
573

573
574

574
575

575
552

6973
