1
25

2
1

3
2

4
3

5
28

6
5

7
6

8
30

9
8

10
9

11
10

12
13

13
35

14
12

15
14

16
40

17
16

18
17

19
42

20
43

21
20

22
21

23
22

24
47

25
24

26
27

27
4

28
29

29
52

30
7

31
32

32
33

33
57

34
11

35
34

36
37

37
38

38
61

39
15

40
39

41
18

42
41

43
19

44
45

45
46

46
23

47
70

48
26

49
48

50
49

51
50

52
53

53
31

54
79

55
54

56
55

57
56

58
36

59
58

60
59

61
62

62
63

63
64

64
65

65
66

66
90

67
44

68
67

69
68

70
71

71
93

72
73

73
74

74
51

75
97

76
99

77
76

78
77

79
80

80
81

81
82

82
60

83
106

84
83

85
84

86
85

87
86

88
112

89
88

90
89

91
92

92
69

93
94

94
116

95
118

96
72

97
120

98
75

99
98

100
78

101
100

102
103

103
126

104
102

105
104

106
107

107
108

108
131

109
110

110
87

111
134

112
111

113
91

114
113

115
114

116
117

117
95

118
141

119
96

120
119

121
122

122
146

123
101

124
123

125
148

126
125

127
149

128
130

129
105

130
129

131
132

132
133

133
155

134
109

135
136

136
137

137
160

138
115

139
140

140
163

141
139

142
143

143
144

144
121

145
167

146
147

147
124

148
127

149
150

150
173

151
128

152
151

153
152

154
153

155
156

156
178

157
159

158
135

159
158

160
161

161
138

162
185

163
162

164
142

165
164

166
165

167
166

168
145

169
168

170
169

171
170

172
171

173
172

174
175

175
176

176
177

177
201

178
154

179
180

180
157

181
204

182
181

183
182

184
183

185
186

186
209

187
188

188
189

189
190

190
191

191
192

192
193

193
194

194
195

195
217

196
174

197
196

198
221

199
198

200
199

201
224

202
203

203
179

204
202

205
229

206
207

207
184

208
231

209
208

210
211

211
212

212
187

213
236

214
213

215
214

216
215

217
216

218
219

219
220

220
243

221
197

222
200

223
222

224
225

225
249

226
205

227
226

228
227

229
206

230
228

231
254

232
233

233
210

234
232

235
234

236
237

237
238

238
239

239
240

240
241

241
218

242
265

243
244

244
245

245
267

246
223

247
272

248
247

249
248

250
251

251
252

252
253

253
230

254
256

255
277

256
255

257
282

258
235

259
258

260
259

261
260

262
261

263
286

264
263

265
264

266
242

267
268

268
269

269
246

270
292

271
270

272
271

273
250

274
273

275
274

276
275

277
278

278
279

279
280

280
257

281
304

282
283

283
281

284
285

285
287

286
262

287
288

288
289

289
290

290
266

291
314

292
293

293
291

294
295

295
296

296
320

297
298

298
299

299
276

300
325

301
300

302
301

303
302

304
303

305
329

306
284

307
306

308
330

309
332

310
309

311
310

312
311

313
312

314
315

315
316

316
317

317
318

318
294

319
343

320
319

321
297

322
321

323
347

324
323

325
324

326
327

327
328

328
305

329
353

330
307

331
308

332
331

333
356

334
335

335
358

336
313

337
336

338
337

339
338

340
339

341
340

342
365

343
344

344
345

345
322

346
369

347
346

348
349

349
350

350
326

351
374

352
351

353
352

354
355

355
333

356
357

357
334

358
359

359
383

360
361

361
362

362
363

363
386

364
341

365
364

366
342

367
368

368
366

369
392

370
371

371
348

372
395

373
372

374
373

375
376

376
377

377
400

378
354

379
378

380
379

381
380

382
405

383
360

384
382

385
384

386
385

387
410

388
411

389
413

390
367

391
390

392
394

393
370

394
393

395
396

396
419

397
375

398
397

399
398

400
401

401
402

402
403

403
404

404
381

405
406

406
407

407
408

408
431

409
387

410
388

411
412

412
389

413
391

414
436

415
438

416
415

417
416

418
441

419
418

420
421

421
422

422
399

423
445

424
423

425
424

426
425

427
449

428
427

429
428

430
429

431
432

432
456

433
409

434
433

435
434

436
435

437
414

438
439

439
440

440
442

441
417

442
465

443
444

444
420

445
468

446
447

447
448

448
471

449
426

450
451

451
452

452
475

453
430

454
477

455
454

456
455

457
458

458
459

459
460

460
437

461
484

462
461

463
462

464
486

465
464

466
467

467
443

468
446

469
491

470
469

471
472

472
473

473
450

474
497

475
474

476
453

477
476

478
480

479
457

480
481

481
505

482
479

483
482

484
485

485
507

486
463

487
511

488
489

489
512

490
466

491
490

492
516

493
494

494
470

495
518

496
495

497
498

498
499

499
522

500
478

501
524

502
501

503
502

504
503

505
483

506
528

507
508

508
509

509
510

510
487

511
488

512
513

513
537

514
492

515
514

516
493

517
540

518
541

519
496

520
519

521
520

522
521

523
500

524
523

525
526

526
504

527
550

528
527

529
506

530
553

531
530

532
531

533
532

534
533

535
557

536
535

537
536

538
515

539
538

540
563

541
517

542
544

543
566

544
543

545
568

546
547

547
569

548
525

549
548

550
549

551
575

552
529

553
554

554
555

555
556

556
558

557
534

558
559

559
560

560
561

561
562

562
539

563
564

564
565

565
542

566
567

567
545

568
546

569
570

570
571

571
572

572
573

573
574

574
551

575
552

6974
