1
25

2
1

3
2

4
3

5
4

6
5

7
6

8
7

9
33

10
9

11
10

12
13

13
35

14
12

15
14

16
40

17
15

18
17

19
18

20
19

21
20

22
21

23
22

24
47

25
24

26
27

27
28

28
29

29
52

30
8

31
30

32
31

33
32

34
11

35
34

36
37

37
38

38
61

39
16

40
41

41
42

42
43

43
44

44
45

45
46

46
23

47
70

48
26

49
48

50
49

51
50

52
53

53
54

54
55

55
79

56
57

57
58

58
59

59
36

60
82

61
60

62
39

63
62

64
63

65
87

66
65

67
66

68
67

69
68

70
71

71
72

72
73

73
74

74
51

75
97

76
99

77
76

78
77

79
80

80
56

81
104

82
83

83
84

84
85

85
86

86
110

87
64

88
89

89
90

90
113

91
92

92
69

93
116

94
93

95
119

96
94

97
96

98
75

99
98

100
78

101
100

102
103

103
126

104
102

105
106

106
81

107
108

108
131

109
107

110
88

111
134

112
111

113
112

114
91

115
114

116
117

117
95

118
141

119
120

120
118

121
122

122
146

123
101

124
123

125
124

126
125

127
149

128
130

129
105

130
129

131
132

132
133

133
155

134
109

135
136

136
137

137
160

138
115

139
162

140
139

141
142

142
143

143
144

144
121

145
167

146
147

147
148

148
127

149
150

150
173

151
128

152
151

153
152

154
153

155
156

156
178

157
182

158
135

159
158

160
161

161
138

162
185

163
140

164
163

165
164

166
165

167
166

168
145

169
168

170
169

171
170

172
171

173
172

174
175

175
176

176
177

177
201

178
154

179
180

180
157

181
204

182
181

183
159

184
183

185
208

186
187

187
188

188
189

189
190

190
191

191
192

192
193

193
194

194
195

195
217

196
174

197
196

198
222

199
198

200
199

201
202

202
203

203
179

204
205

205
229

206
207

207
184

208
209

209
186

210
233

211
210

212
211

213
212

214
237

215
214

216
215

217
216

218
219

219
220

220
221

221
197

222
223

223
245

224
200

225
224

226
225

227
249

228
227

229
206

230
228

231
254

232
231

233
232

234
235

235
258

236
213

237
236

238
239

239
240

240
241

241
218

242
265

243
242

244
243

245
244

246
247

247
248

248
272

249
226

250
251

251
252

252
253

253
230

254
277

255
256

256
234

257
280

258
259

259
257

260
261

261
287

262
238

263
286

264
263

265
264

266
267

267
268

268
269

269
246

270
292

271
270

272
271

273
250

274
273

275
274

276
275

277
255

278
302

279
278

280
279

281
282

282
260

283
281

284
306

285
284

286
262

287
288

288
289

289
290

290
266

291
314

292
293

293
291

294
295

295
296

296
297

297
298

298
321

299
276

300
324

301
300

302
303

303
304

304
305

305
328

306
283

307
285

308
330

309
332

310
309

311
310

312
311

313
335

314
315

315
316

316
317

317
318

318
294

319
343

320
319

321
322

322
299

323
346

324
323

325
301

326
325

327
326

328
327

329
354

330
307

331
308

332
331

333
356

334
312

335
334

336
313

337
336

338
337

339
338

340
339

341
340

342
365

343
342

344
320

345
344

346
347

347
348

348
349

349
350

350
351

351
374

352
353

353
329

354
355

355
333

356
357

357
358

358
359

359
383

360
361

361
362

362
363

363
386

364
341

365
364

366
345

367
368

368
366

369
392

370
369

371
370

372
395

373
371

374
373

375
376

376
352

377
400

378
377

379
378

380
379

381
380

382
381

383
360

384
382

385
384

386
385

387
410

388
411

389
413

390
367

391
390

392
393

393
394

394
372

395
396

396
419

397
375

398
397

399
398

400
401

401
402

402
403

403
404

404
405

405
406

406
407

407
430

408
409

409
387

410
388

411
412

412
389

413
391

414
436

415
438

416
415

417
416

418
417

419
418

420
421

421
422

422
399

423
444

424
423

425
424

426
425

427
449

428
427

429
428

430
429

431
408

432
431

433
432

434
433

435
434

436
435

437
414

438
439

439
440

440
463

441
420

442
441

443
467

444
443

445
446

446
447

447
448

448
471

449
426

450
451

451
452

452
453

453
476

454
455

455
456

456
457

457
479

458
459

459
460

460
437

461
484

462
461

463
462

464
465

465
442

466
490

467
466

468
445

469
470

470
468

471
472

472
473

473
450

474
497

475
474

476
477

477
454

478
500

479
480

480
478

481
505

482
458

483
482

484
485

485
486

486
464

487
510

488
511

489
488

490
491

491
469

492
514

493
516

494
493

495
494

496
495

497
496

498
475

499
498

500
499

501
502

502
503

503
525

504
481

505
483

506
528

507
530

508
507

509
508

510
509

511
487

512
489

513
512

514
515

515
538

516
492

517
541

518
519

519
520

520
521

521
522

522
523

523
524

524
501

525
526

526
527

527
550

528
504

529
506

530
532

531
553

532
531

533
534

534
535

535
557

536
513

537
536

538
537

539
563

540
517

541
518

542
540

543
542

544
543

545
568

546
544

547
569

548
547

549
548

550
549

551
575

552
529

553
554

554
555

555
556

556
533

557
558

558
559

559
560

560
561

561
562

562
539

563
564

564
565

565
566

566
567

567
545

568
546

569
570

570
571

571
572

572
573

573
574

574
551

575
552

6993
