1
17

2
7

3
5

4
11

5
19

6
40

7
18

8
20

9
10

10
3

11
13

12
9

13
6

14
32

15
1

16
21

17
23

18
12

19
30

20
31

21
26

22
14

23
2

24
28

25
15

26
27

27
24

28
4

29
33

30
8

31
36

32
16

33
58

34
44

35
22

36
48

37
25

38
43

39
29

40
38

41
67

42
54

43
34

44
55

45
37

46
41

47
65

48
39

49
52

50
62

51
42

52
57

53
47

54
72

55
60

56
49

57
45

58
53

59
61

60
73

61
50

62
35

63
98

64
71

65
46

66
75

67
81

68
59

69
51

70
80

71
85

72
92

73
91

74
77

75
87

76
63

77
64

78
93

79
101

80
100

81
70

82
86

83
76

84
79

85
99

86
68

87
84

88
56

89
74

90
78

91
96

92
103

93
69

94
83

95
89

96
66

97
88

98
95

99
102

100
115

101
106

102
105

103
82

104
90

105
108

106
109

107
94

108
112

109
114

110
97

111
107

112
116

113
104

114
134

115
123

116
133

117
110

118
126

119
113

120
111

121
124

122
119

123
139

124
144

125
117

126
121

127
136

128
157

129
130

130
141

131
158

132
131

133
137

134
135

135
149

136
151

137
143

138
118

139
147

140
128

141
132

142
122

143
140

144
150

145
148

146
125

147
155

148
142

149
171

150
159

151
156

152
120

153
127

154
129

155
160

156
162

157
169

158
166

159
167

160
175

161
152

162
161

163
176

164
138

165
164

166
174

167
154

168
145

169
163

170
168

171
193

172
185

173
165

174
178

175
153

176
179

177
170

178
192

179
198

180
172

181
177

182
173

183
201

184
196

185
146

186
180

187
184

188
183

189
191

190
206

191
197

192
203

193
199

194
181

195
222

196
195

197
188

198
200

199
218

200
190

201
210

202
204

203
189

204
187

205
186

206
217

207
214

208
202

209
182

210
213

211
209

212
211

213
221

214
194

215
216

216
205

217
225

218
238

219
212

220
241

221
226

222
227

223
207

224
208

225
219

226
237

227
231

228
220

229
228

230
248

231
230

232
240

233
232

234
254

235
215

236
242

237
251

238
234

239
236

240
259

241
252

242
235

243
224

244
229

245
261

246
239

247
223

248
249

249
274

250
233

251
253

252
245

253
262

254
265

255
246

256
243

257
275

258
268

259
258

260
244

261
279

262
257

263
260

264
247

265
280

266
270

267
256

268
291

269
250

270
277

271
263

272
271

273
278

274
273

275
295

276
255

277
276

278
294

279
284

280
285

281
269

282
283

283
288

284
296

285
315

286
267

287
282

288
310

289
266

290
300

291
306

292
281

293
290

294
302

295
311

296
304

297
264

298
272

299
286

300
307

301
287

302
313

303
292

304
297

305
289

306
293

307
316

308
320

309
298

310
308

311
303

312
301

313
305

314
329

315
314

316
332

317
299

318
312

319
327

320
324

321
322

322
330

323
319

324
334

325
323

326
318

327
335

328
317

329
341

330
336

331
309

332
346

333
321

334
342

335
328

336
326

337
338

338
340

339
325

340
348

341
355

342
331

343
359

344
358

345
333

346
353

347
345

348
351

349
337

350
347

351
354

352
343

353
350

354
360

355
357

356
344

357
367

358
366

359
356

360
375

361
349

362
361

363
352

364
383

365
371

366
339

367
374

368
385

369
379

370
377

371
392

372
370

373
368

374
369

375
380

376
365

377
393

378
362

379
378

380
386

381
364

382
387

383
373

384
363

385
388

386
381

387
390

388
403

389
397

390
401

391
372

392
389

393
408

394
404

395
384

396
399

397
382

398
396

399
394

400
402

401
407

402
416

403
415

404
406

405
376

406
413

407
425

408
409

409
410

410
419

411
391

412
398

413
421

414
400

415
414

416
432

417
411

418
417

419
441

420
424

421
428

422
433

423
395

424
405

425
443

426
430

427
412

428
442

429
423

430
449

431
439

432
446

433
426

434
418

435
431

436
429

437
434

438
422

439
420

440
447

441
435

442
444

443
438

444
461

445
436

446
459

447
427

448
437

449
460

450
440

451
454

452
445

453
452

454
468

455
463

456
457

457
467

458
453

459
474

460
473

461
462

462
490

463
486

464
476

465
450

466
458

467
469

468
478

469
470

470
464

471
451

472
482

473
455

474
480

475
465

476
448

477
456

478
498

479
481

480
489

481
471

482
484

483
477

484
466

485
506

486
485

487
497

488
475

489
487

490
479

491
483

492
495

493
488

494
505

495
518

496
494

497
496

498
502

499
472

500
491

501
500

502
509

503
504

504
516

505
507

506
517

507
501

508
492

509
525

510
503

511
499

512
508

513
515

514
493

515
529

516
523

517
512

518
519

519
513

520
514

521
541

522
524

523
555

524
520

525
528

526
511

527
522

528
537

529
552

530
551

531
539

532
545

533
526

534
530

535
536

536
521

537
544

538
546

539
561

540
531

541
542

542
558

543
527

544
532

545
510

546
549

547
540

548
533

549
567

550
538

551
580

552
557

553
572

554
534

555
583

556
535

557
547

558
565

559
553

560
548

561
569

562
554

563
564

564
556

565
570

566
563

567
582

568
560

569
590

570
577

571
575

572
571

573
559

574
550

575
543

576
568

577
584

578
566

579
562

580
586

581
573

582
592

583
585

584
591

585
602

586
594

587
603

588
578

589
610

590
599

591
587

592
593

593
606

594
611

595
574

596
576

597
579

598
597

599
613

600
601

601
605

602
620

603
609

604
581

605
589

606
616

607
588

608
595

609
622

610
618

611
626

612
598

613
619

614
600

615
604

616
637

617
628

618
639

619
617

620
623

621
607

622
636

623
625

624
596

625
608

626
638

627
612

628
621

629
615

630
633

631
654

632
629

633
614

634
627

635
643

636
630

637
647

638
640

639
631

640
624

641
634

642
632

643
663

644
641

645
655

646
651

647
635

648
645

649
657

650
642

651
666

652
648

653
646

654
653

655
660

656
658

657
681

658
677

659
652

660
675

661
649

662
650

663
656

664
673

665
659

666
669

667
664

668
667

669
684

670
676

671
678

672
665

673
702

674
668

675
644

676
674

677
682

678
688

679
671

680
685

681
691

682
687

683
672

684
661

685
679

686
710

687
711

688
709

689
693

690
680

691
692

692
698

693
662

694
670

695
686

696
694

697
683

698
722

699
695

700
701

701
689

702
708

703
696

704
697

705
718

706
690

707
719

708
716

709
705

710
700

711
714

712
729

713
707

714
712

715
703

716
723

717
728

718
735

719
737

720
699

721
720

722
706

723
730

724
715

725
704

726
721

727
749

728
724

729
717

730
731

731
746

732
739

733
713

734
738

735
745

736
732

737
754

738
725

739
743

740
726

741
742

742
752

743
758

744
753

745
736

746
741

747
734

748
740

749
762

750
727

751
744

752
756

753
767

754
755

755
748

756
764

757
733

758
759

759
757

760
765

761
778

762
766

763
750

764
751

765
772

766
774

767
771

768
776

769
747

770
763

771
775

772
761

773
777

774
773

775
783

776
760

777
779

778
769

779
768

780
770

781
780

782
781

783
782

9172
