1
17

2
7

3
5

4
11

5
29

6
40

7
18

8
20

9
10

10
3

11
13

12
9

13
6

14
35

15
1

16
21

17
23

18
12

19
8

20
36

21
26

22
14

23
2

24
28

25
15

26
27

27
24

28
4

29
33

30
19

31
22

32
16

33
39

34
60

35
50

36
31

37
25

38
43

39
48

40
38

41
45

42
51

43
34

44
69

45
57

46
41

47
65

48
30

49
56

50
62

51
32

52
49

53
47

54
42

55
44

56
37

57
52

58
53

59
64

60
55

61
59

62
54

63
58

64
71

65
83

66
75

67
46

68
61

69
78

70
81

71
85

72
82

73
66

74
89

75
87

76
63

77
74

78
90

79
101

80
70

81
67

82
86

83
94

84
79

85
99

86
68

87
84

88
97

89
95

90
93

91
96

92
72

93
103

94
107

95
98

96
73

97
100

98
76

99
118

100
80

101
106

102
77

103
92

104
91

105
102

106
109

107
111

108
105

109
114

110
117

111
120

112
108

113
104

114
122

115
110

116
112

117
123

118
138

119
113

120
133

121
124

122
142

123
139

124
129

125
88

126
121

127
115

128
140

129
130

130
141

131
145

132
131

133
137

134
135

135
171

136
153

137
143

138
128

139
147

140
116

141
132

142
149

143
152

144
150

145
148

146
125

147
155

148
119

149
134

150
126

151
136

152
161

153
127

154
159

155
160

156
151

157
164

158
178

159
144

160
175

161
162

162
156

163
169

164
165

165
173

166
158

167
154

168
174

169
157

170
168

171
193

172
185

173
182

174
166

175
195

176
163

177
170

178
192

179
176

180
172

181
177

182
209

183
188

184
187

185
146

186
180

187
202

188
197

189
167

190
200

191
189

192
203

193
199

194
181

195
196

196
184

197
191

198
179

199
194

200
198

201
183

202
208

203
220

204
222

205
186

206
190

207
214

208
224

209
211

210
213

211
212

212
219

213
201

214
218

215
216

216
205

217
206

218
234

219
210

220
228

221
226

222
227

223
207

224
243

225
217

226
237

227
231

228
229

229
244

230
246

231
230

232
233

233
225

234
254

235
215

236
235

237
257

238
223

239
236

240
232

241
245

242
239

243
256

244
221

245
247

246
255

247
238

248
249

249
204

250
269

251
253

252
272

253
250

254
285

255
276

256
267

257
275

258
259

259
240

260
263

261
252

262
251

263
241

264
296

265
264

266
270

267
268

268
258

269
281

270
242

271
288

272
271

273
274

274
248

275
262

276
277

277
289

278
273

279
261

280
265

281
292

282
260

283
282

284
279

285
280

286
299

287
301

288
283

289
302

290
293

291
286

292
303

293
306

294
278

295
311

296
297

297
304

298
284

299
319

300
290

301
310

302
313

303
295

304
314

305
266

306
291

307
300

308
320

309
298

310
308

311
326

312
287

313
305

314
315

315
329

316
307

317
294

318
312

319
327

320
324

321
333

322
321

323
325

324
334

325
332

326
318

327
335

328
317

329
341

330
322

331
309

332
316

333
347

334
342

335
344

336
330

337
338

338
340

339
323

340
348

341
355

342
331

343
328

344
358

345
360

346
339

347
350

348
364

349
337

350
353

351
354

352
359

353
346

354
336

355
357

356
343

357
367

358
366

359
356

360
375

361
349

362
361

363
352

364
351

365
376

366
382

367
394

368
385

369
379

370
391

371
365

372
345

373
368

374
369

375
380

376
393

377
370

378
362

379
378

380
386

381
383

382
387

383
373

384
363

385
388

386
381

387
390

388
403

389
371

390
401

391
372

392
389

393
377

394
404

395
384

396
374

397
407

398
396

399
421

400
402

401
397

402
416

403
415

404
406

405
392

406
413

407
425

408
420

409
408

410
409

411
417

412
398

413
399

414
400

415
414

416
432

417
419

418
411

419
410

420
424

421
428

422
433

423
395

424
430

425
443

426
405

427
412

428
442

429
423

430
426

431
435

432
446

433
449

434
418

435
441

436
429

437
434

438
422

439
431

440
447

441
448

442
444

443
438

444
462

445
436

446
459

447
454

448
437

449
456

450
440

451
427

452
445

453
452

454
451

455
463

456
457

457
439

458
453

459
474

460
455

461
479

462
461

463
486

464
470

465
450

466
458

467
477

468
478

469
467

470
469

471
468

472
482

473
460

474
480

475
465

476
464

477
483

478
498

479
481

480
489

481
471

482
484

483
491

484
485

485
466

486
492

487
497

488
475

489
487

490
516

491
500

492
508

493
488

494
476

495
473

496
494

497
496

498
502

499
472

500
501

501
507

502
509

503
504

504
490

505
521

506
530

507
505

508
512

509
525

510
503

511
499

512
517

513
495

514
493

515
513

516
523

517
506

518
519

519
515

520
514

521
536

522
524

523
555

524
520

525
528

526
511

527
522

528
537

529
552

530
534

531
518

532
545

533
526

534
551

535
529

536
535

537
544

538
546

539
540

540
547

541
542

542
577

543
527

544
532

545
510

546
549

547
531

548
533

549
574

550
538

551
554

552
557

553
543

554
562

555
550

556
541

557
569

558
575

559
553

560
548

561
539

562
579

563
564

564
556

565
558

566
563

567
593

568
560

569
561

570
565

571
589

572
559

573
572

574
583

575
571

576
568

577
570

578
566

579
597

580
596

581
573

582
567

583
585

584
591

585
602

586
580

587
603

588
578

589
610

590
599

591
587

592
582

593
606

594
586

595
592

596
576

597
598

598
590

599
588

600
584

601
600

602
608

603
609

604
581

605
601

606
616

607
617

608
595

609
621

610
618

611
594

612
627

613
612

614
605

615
604

616
637

617
619

618
642

619
613

620
623

621
628

622
614

623
677

624
626

625
620

626
611

627
634

628
607

629
615

630
636

631
633

632
629

633
630

634
641

635
625

636
622

637
647

638
624

639
631

640
638

641
644

642
650

643
635

644
657

645
648

646
653

647
632

648
652

649
661

650
639

651
646

652
659

653
654

654
662

655
645

656
658

657
649

658
643

659
678

660
655

661
684

662
673

663
656

664
667

665
640

666
651

667
668

668
674

669
666

670
663

671
679

672
665

673
664

674
676

675
660

676
670

677
682

678
688

679
685

680
690

681
675

682
687

683
672

684
699

685
680

686
669

687
711

688
709

689
701

690
706

691
681

692
691

693
689

694
702

695
686

696
694

697
683

698
692

699
695

700
710

701
700

702
708

703
696

704
697

705
671

706
722

707
713

708
716

709
718

710
726

711
712

712
714

713
698

714
717

715
703

716
741

717
715

718
705

719
707

720
719

721
720

722
739

723
693

724
742

725
704

726
740

727
746

728
744

729
753

730
723

731
730

732
736

733
737

734
738

735
745

736
735

737
754

738
725

739
758

740
748

741
724

742
752

743
732

744
729

745
760

746
731

747
734

748
766

749
750

750
727

751
728

752
751

753
767

754
755

755
721

756
781

757
733

758
743

759
757

760
765

761
747

762
749

763
762

764
756

765
772

766
774

767
771

768
776

769
761

770
763

771
775

772
778

773
777

774
773

775
783

776
759

777
779

778
769

779
768

780
770

781
780

782
764

783
782

9208
