1
17

2
7

3
5

4
11

5
19

6
40

7
18

8
20

9
10

10
3

11
13

12
9

13
6

14
32

15
1

16
21

17
23

18
12

19
30

20
36

21
26

22
14

23
2

24
28

25
15

26
27

27
24

28
4

29
33

30
8

31
35

32
16

33
39

34
44

35
22

36
31

37
25

38
43

39
63

40
38

41
37

42
54

43
34

44
55

45
70

46
41

47
46

48
29

49
52

50
59

51
42

52
57

53
47

54
62

55
60

56
49

57
45

58
53

59
61

60
66

61
68

62
50

63
74

64
48

65
58

66
75

67
65

68
82

69
51

70
80

71
64

72
93

73
91

74
77

75
87

76
83

77
89

78
69

79
101

80
100

81
67

82
86

83
94

84
79

85
71

86
85

87
84

88
56

89
95

90
78

91
104

92
72

93
90

94
107

95
98

96
73

97
88

98
76

99
118

100
81

101
106

102
99

103
92

104
113

105
102

106
109

107
111

108
105

109
114

110
97

111
120

112
108

113
119

114
96

115
110

116
112

117
123

118
138

119
122

120
136

121
124

122
142

123
115

124
144

125
117

126
121

127
153

128
140

129
130

130
103

131
132

132
141

133
116

134
135

135
171

136
127

137
133

138
128

139
146

140
157

141
154

142
148

143
137

144
129

145
166

146
125

147
139

148
145

149
134

150
126

151
152

152
161

153
162

154
167

155
147

156
151

157
164

158
131

159
150

160
155

161
143

162
156

163
176

164
165

165
173

166
158

167
159

168
170

169
163

170
149

171
177

172
180

173
182

174
168

175
160

176
179

177
181

178
174

179
198

180
186

181
194

182
190

183
188

184
175

185
172

186
216

187
204

188
197

189
203

190
169

191
189

192
178

193
199

194
193

195
196

196
184

197
191

198
200

199
218

200
206

201
183

202
187

203
220

204
222

205
195

206
217

207
192

208
202

209
210

210
201

211
209

212
211

213
226

214
207

215
185

216
205

217
225

218
234

219
212

220
228

221
213

222
227

223
214

224
208

225
219

226
237

227
249

228
229

229
221

230
246

231
230

232
240

233
232

234
254

235
215

236
235

237
251

238
247

239
236

240
259

241
245

242
239

243
224

244
260

245
223

246
255

247
264

248
231

249
248

250
233

251
253

252
241

253
262

254
238

255
276

256
243

257
244

258
268

259
258

260
263

261
252

262
275

263
271

264
265

265
280

266
270

267
256

268
267

269
250

270
242

271
272

272
288

273
274

274
286

275
257

276
277

277
289

278
273

279
261

280
285

281
269

282
287

283
282

284
279

285
315

286
299

287
308

288
283

289
302

290
281

291
306

292
303

293
290

294
278

295
292

296
284

297
296

298
309

299
291

300
307

301
312

302
313

303
300

304
297

305
266

306
293

307
316

308
310

309
304

310
301

311
295

312
318

313
305

314
329

315
314

316
332

317
294

318
326

319
317

320
298

321
322

322
330

323
339

324
320

325
323

326
311

327
319

328
344

329
341

330
336

331
334

332
325

333
321

334
324

335
327

336
360

337
349

338
337

339
346

340
338

341
355

342
331

343
328

344
358

345
333

346
353

347
345

348
340

349
361

350
347

351
348

352
359

353
365

354
351

355
357

356
343

357
367

358
335

359
356

360
354

361
362

362
342

363
352

364
381

365
376

366
382

367
374

368
373

369
379

370
377

371
366

372
370

373
383

374
369

375
391

376
405

377
350

378
398

379
378

380
375

381
386

382
387

383
364

384
363

385
368

386
380

387
390

388
385

389
371

390
401

391
372

392
389

393
408

394
404

395
384

396
399

397
407

398
396

399
394

400
415

401
397

402
400

403
388

404
406

405
392

406
413

407
425

408
409

409
410

410
419

411
418

412
403

413
421

414
432

415
414

416
402

417
411

418
441

419
417

420
393

421
428

422
433

423
395

424
420

425
443

426
430

427
412

428
442

429
423

430
424

431
439

432
446

433
426

434
437

435
431

436
429

437
416

438
422

439
457

440
427

441
435

442
444

443
438

444
462

445
436

446
450

447
440

448
434

449
460

450
465

451
454

452
445

453
452

454
447

455
463

456
449

457
456

458
453

459
448

460
455

461
481

462
461

463
486

464
476

465
475

466
458

467
469

468
471

469
470

470
464

471
451

472
482

473
477

474
459

475
488

476
494

477
483

478
468

479
490

480
474

481
479

482
484

483
467

484
485

485
466

486
492

487
489

488
493

489
480

490
504

491
495

492
508

493
514

494
496

495
473

496
497

497
487

498
478

499
472

500
491

501
500

502
498

503
510

504
516

505
507

506
530

507
501

508
512

509
502

510
532

511
499

512
517

513
515

514
520

515
529

516
523

517
506

518
519

519
513

520
524

521
505

522
527

523
503

524
522

525
509

526
511

527
543

528
525

529
552

530
534

531
518

532
545

533
526

534
551

535
521

536
535

537
544

538
550

539
540

540
547

541
536

542
541

543
553

544
528

545
549

546
538

547
531

548
533

549
546

550
555

551
554

552
557

553
559

554
562

555
585

556
577

557
588

558
542

559
537

560
548

561
539

562
579

563
564

564
556

565
558

566
563

567
582

568
560

569
561

570
565

571
575

572
571

573
572

574
567

575
589

576
568

577
570

578
566

579
569

580
594

581
573

582
592

583
574

584
591

585
602

586
580

587
603

588
578

589
610

590
598

591
587

592
595

593
581

594
611

595
608

596
576

597
586

598
597

599
590

600
584

601
600

602
583

603
609

604
606

605
601

606
593

607
621

608
620

609
607

610
618

611
626

612
613

613
599

614
605

615
604

616
629

617
619

618
631

619
641

620
623

621
628

622
630

623
625

624
596

625
635

626
638

627
612

628
617

629
632

630
633

631
639

632
615

633
614

634
627

635
643

636
622

637
616

638
640

639
642

640
624

641
644

642
650

643
663

644
657

645
655

646
651

647
637

648
645

649
661

650
664

651
636

652
648

653
646

654
653

655
660

656
658

657
649

658
677

659
652

660
634

661
684

662
654

663
656

664
673

665
659

666
686

667
647

668
667

669
666

670
676

671
678

672
665

673
662

674
668

675
690

676
674

677
682

678
688

679
671

680
685

681
675

682
687

683
672

684
669

685
679

686
695

687
717

688
709

689
693

690
680

691
681

692
691

693
701

694
670

695
699

696
694

697
683

698
692

699
720

700
689

701
727

702
724

703
696

704
697

705
706

706
718

707
713

708
702

709
705

710
700

711
712

712
729

713
698

714
711

715
703

716
708

717
714

718
735

719
707

720
719

721
710

722
733

723
716

724
742

725
704

726
721

727
730

728
715

729
744

730
731

731
746

732
743

733
737

734
738

735
745

736
732

737
754

738
725

739
722

740
726

741
723

742
752

743
739

744
753

745
736

746
741

747
734

748
740

749
762

750
749

751
728

752
756

753
767

754
755

755
748

756
764

757
759

758
760

759
776

760
765

761
778

762
766

763
750

764
781

765
772

766
774

767
771

768
757

769
747

770
763

771
775

772
761

773
777

774
773

775
783

776
758

777
779

778
769

779
768

780
770

781
780

782
751

783
782

9165
