605,61 796,6 1
758,01 821,99 13

681,8 1025,2 2
681,8 999,8 715

605,61 1152,21 3
758,01 1101,41 11

605,61 1253,81 4
605,61 1152,21 3

656,41 1736,41 5
732,6 1584 711

808,81 2041,19 6
681,8 2041,19 718

726,25 1825,29 7
719,9 1831,64 717

758,01 1863,4 8
726,25 1825,29 7

783,4 1736,41 9
758,01 1787,21 710

808,81 1736,41 10
783,4 1736,41 9

758,01 1101,41 11
859,61 1025,2 694

758,01 796,6 12
872,3 733,11 14

758,01 821,99 13
758,01 796,6 12

872,3 733,11 14
910,39 707,7 18

885 2066,6 15
808,81 2041,19 6

872,3 1787,21 16
935,8 1812,6 19

935,8 1965 17
885 2066,6 15

910,39 707,7 18
999,3 733,11 99

935,8 1812,6 19
935,8 1761,8 20

935,8 1761,8 20
961,19 1711 98

935,8 1177,6 21
859,61 1152,21 697

986,6 1380,8 22
986,6 1456,99 691

1011,99 898,2 23
986,6 923,59 28

986,6 1203,01 24
935,8 1177,6 21

986,6 1152,21 25
986,6 1203,01 24

986,6 821,99 26
1011,99 796,6 27

1011,99 796,6 27
1062,79 771,19 91

986,6 923,59 28
1062,79 923,59 690

1062,79 1126,8 29
986,6 1152,21 25

1113,59 1431,6 30
1113,59 1406,19 47

1139 1482,4 31
1113,59 1431,6 30

1189,8 949 32
1240,61 974,39 684

1189,8 1253,81 33
1266 1253,81 36

1240,61 1507,79 34
1189,8 1584 65

1291,41 1355,39 35
1189,8 1380,8 38

1266 1253,81 36
1367,6 1203,01 677

1189,8 1101,41 37
1113,59 1101,41 44

1189,8 1380,8 38
1240,61 1507,79 34

1113,59 1152,21 39
1062,79 1126,8 29

1113,59 821,99 40
1151,7 733,11 42

1189,8 707,7 41
1266 707,7 80

1151,7 733,11 42
1189,8 733,11 49

1113,59 923,59 43
1113,59 949 46

1113,59 1101,41 44
1113,59 1152,21 39

1113,59 1228,4 45
1151,7 1279,2 686

1113,59 949 46
1189,8 949 32

1113,59 1406,19 47
1088,2 1317,3 689

1139 860,1 48
1113,59 821,99 40

1189,8 733,11 49
1189,8 707,7 41

1240,61 1711 50
1266 1685,61 108

1266 1736,41 51
1215,2 1787,21 109

1291,41 1863,4 52
1342,21 1863,4 60

1278,69 2047,56 53
1272,34 2053,91 73

1285,06 2053,91 54
1278,69 2060,25 72

1291,41 2041,19 55
1285,06 2053,91 54

1329,49 1958,65 56
1323,14 1952,3 58

1291,41 1965 57
1234,26 1952,3 76

1323,14 1952,3 58
1291,41 1965 57

1316,8 1787,21 59
1443,81 1761,8 647

1342,21 1863,4 60
1316,8 1787,21 59

1329,49 1945,96 61
1335,86 1952,3 62

1335,86 1952,3 62
1329,49 1958,65 56

1164,39 2244,39 63
1088,2 2244,39 84

1164,39 2091,99 64
1215,2 2168,2 116

1189,8 1584 65
1164,39 1634,8 67

1215,2 1711 66
1240,61 1711 50

1164,39 1634,8 67
1215,2 1711 66

1164,39 1787,21 68
1113,59 1863,4 90

1189,8 1863,4 69
1240,61 1863,4 112

1189,8 2244,39 70
1164,39 2244,39 63

1266 2168,2 71
1291,41 2168,2 106

1278,69 2060,25 72
1278,69 2047,56 53

1272,34 2053,91 73
1240,61 2041,19 74

1240,61 2041,19 74
1215,2 2041,19 111

1227,89 1958,65 75
1240,61 1965 77

1234,26 1952,3 76
1227,89 1945,96 113

1240,61 1965 77
1291,41 2041,19 55

1291,41 1609,39 78
1316,8 1584 107

1291,41 1076 79
1189,8 1101,41 37

1266 707,7 80
1316,8 733,11 671

1189,8 847,4 81
1189,8 821,99 685

1139 1533,2 82
1139 1482,4 31

1113,59 2028,5 83
1189,8 1965 110

1088,2 2244,39 84
999,3 2180,9 86

1088,2 2079,3 85
1113,59 2028,5 83

999,3 2180,9 86
1088,2 2079,3 85

1011,99 1736,41 87
1062,79 1736,41 102

1062,79 1685,61 88
1037,4 1634,8 89

1037,4 1634,8 89
1062,79 1609,39 103

1113,59 1863,4 90
1037,4 1914,2 101

1062,79 771,19 91
1062,79 821,99 92

1062,79 821,99 92
1037,4 872,79 95

1024,71 1279,2 93
1062,79 1279,2 688

986,6 1507,79 94
1037,4 1482,4 96

1037,4 872,79 95
1011,99 898,2 23

1037,4 1482,4 96
1062,79 1507,79 687

1011,99 1609,39 97
935,8 1584 695

961,19 1711 98
1011,99 1736,41 87

999,3 733,11 99
986,6 821,99 26

1011,99 1901,5 100
935,8 1965 17

1037,4 1914,2 101
1011,99 1901,5 100

1062,79 1736,41 102
1062,79 1685,61 88

1062,79 1609,39 103
1011,99 1609,39 97

1240,61 2244,39 104
1189,8 2244,39 70

1342,21 1939,61 105
1329,49 1945,96 61

1291,41 2168,2 106
1240,61 2244,39 104

1316,8 1584 107
1367,6 1482,4 676

1266 1685,61 108
1266 1736,41 51

1215,2 1787,21 109
1164,39 1787,21 68

1189,8 1965 110
1189,8 1863,4 69

1215,2 2041,19 111
1189,8 2091,99 115

1240,61 1863,4 112
1291,41 1863,4 52

1227,89 1945,96 113
1221,54 1952,3 114

1221,54 1952,3 114
1227,89 1958,65 75

1189,8 2091,99 115
1164,39 2091,99 64

1215,2 2168,2 116
1266 2168,2 71

1367,6 1634,8 117
1291,41 1609,39 78

1494,61 2244,39 118
1520 2142,79 649

1520 2028,5 119
1494,61 1888,81 651

1570,8 1812,6 120
1596,19 1812,6 121

1596,19 1812,6 121
1672,4 1939,61 123

1570,8 2244,39 122
1545,39 2244,39 650

1672,4 1939,61 123
1697,79 1939,61 168

1710,51 1996,76 124
1704,14 2003,11 169

1716,86 2003,11 125
1748,59 2015,8 126

1748,59 2015,8 126
1774 1965 172

1850,2 2142,79 127
1799,39 2168,2 132

1875,61 2244,39 128
1850,2 2219 133

1951,8 2091,99 129
1977,21 2066,6 284

1913,69 2079,3 130
1951,8 2091,99 129

1977,21 2244,39 131
1875,61 2244,39 128

1799,39 2168,2 132
1646,99 2244,39 171

1850,2 2219 133
1850,2 2142,79 127

1824,8 1634,8 134
1799,39 1507,79 137

1774 1736,41 135
1748,59 1634,8 148

1723,2 1761,8 136
1774 1736,41 135

1799,39 1507,79 137
1799,39 1456,99 138

1799,39 1456,99 138
1850,2 1406,19 607

1799,39 1228,4 139
1850,2 1177,6 601

1761,31 1228,4 140
1799,39 1228,4 139

1748,59 1431,6 141
1596,19 1482,4 635

1862,89 949 142
1901 898,2 144

1786,7 707,7 143
1799,39 796,6 163

1901 898,2 144
1926,41 872,79 145

1926,41 872,79 145
1926,41 923,59 173

1774 1939,61 146
1748,59 1888,81 149

1774 1812,6 147
1672,4 1812,6 151

1748,59 1634,8 148
1824,8 1634,8 134

1748,59 1888,81 149
1862,89 1888,81 604

1672,4 1761,8 150
1723,2 1761,8 136

1672,4 1812,6 151
1672,4 1761,8 150

1723,2 1406,19 152
1748,59 1431,6 141

1723,2 1330 153
1723,2 1406,19 152

1723,2 999,8 154
1723,2 1076 160

1710,51 733,11 155
1748,59 733,11 164

1697,79 821,99 156
1672,4 821,99 632

1723,2 1152,21 157
1723,2 1203,01 162

1672,4 1076 158
1570,8 1076 618

1646,99 1304,61 159
1672,4 1203,01 636

1723,2 1076 160
1723,2 1101,41 609

1748,59 898,2 161
1723,2 999,8 154

1723,2 1203,01 162
1761,31 1228,4 140

1799,39 796,6 163
1697,79 821,99 156

1748,59 733,11 164
1786,7 707,7 143

1799,39 999,8 165
1824,8 987,11 166

1824,8 987,11 166
1862,89 949 142

1723,2 1990,39 167
1710,51 1996,76 124

1697,79 1939,61 168
1723,2 1990,39 167

1704,14 2003,11 169
1710,51 2009,45 170

1710,51 2009,45 170
1716,86 2003,11 125

1646,99 2244,39 171
1570,8 2244,39 122

1774 1965 172
1774 1939,61 146

1926,41 923,59 173
2002,6 923,59 175

1913,69 707,7 174
1951,8 707,7 176

2002,6 923,59 175
2002,6 872,79 184

1951,8 707,7 176
1989,9 707,7 178

1926,41 796,6 177
1913,69 707,7 174

1989,9 707,7 178
2028,01 707,7 183

1977,21 796,6 179
1926,41 796,6 177

2028,01 796,6 180
1977,21 796,6 179

2066,09 733,11 181
2104,2 796,6 182

2104,2 796,6 182
2167,7 885,51 560

2028,01 707,7 183
2066,09 733,11 181

2002,6 872,79 184
2028,01 796,6 180

2155 1253,81 185
2161,35 1266,5 186

2161,35 1266,5 186
2167,7 1260,16 553

2167,7 1272,85 187
2155 1304,61 551

2205,8 1558,59 188
2281,99 1558,59 545

2281,99 1761,8 189
2281,99 1812,6 258

2332,79 1558,59 190
2383,59 1469,71 257

2358,2 1126,8 191
2320,1 1158,55 535

2447,11 1584 192
2358,2 1634,8 542

2383,59 2142,79 193
2307,4 2142,79 267

2358,2 2066,6 194
2383,59 2142,79 193

2383,59 2015,8 195
2358,2 2066,6 194

2434,39 1406,19 196
2434,39 1355,39 199

2409 2015,8 197
2383,59 2015,8 195

2434,39 2053,91 198
2409 2015,8 197

2434,39 1355,39 199
2459,8 1330 201

2459,8 796,6 200
2497,89 834,71 237

2459,8 1330 201
2434,39 1304,61 236

2421,7 974,39 202
2307,4 1050,61 538

2409 872,79 203
2459,8 796,6 200

2459,8 974,39 204
2421,7 974,39 202

2485,2 1279,2 205
2523,3 1355,39 207

2536 796,6 206
2561,41 796,6 242

2523,3 1355,39 207
2536 1456,99 254

2523,3 1584 208
2472,5 1558,59 247

2561,41 1939,61 209
2586,8 1939,61 222

2561,41 2244,39 210
2510,61 2219 522

2510,61 2142,79 211
2561,41 2104,71 251

2713,81 2244,39 212
2663,01 2244,39 511

2713,81 2142,79 213
2739,2 2168,2 509

2701,09 2079,3 214
2713,81 2142,79 213

2688,4 1126,8 215
2663,01 1050,61 217

2663,01 1761,8 216
2612,21 1812,6 223

2663,01 1050,61 217
2637,6 1101,41 218

2637,6 1101,41 218
2586,8 1101,41 244

2612,21 1152,21 219
2536 1203,01 246

2637,6 1355,39 220
2701,09 1291,89 228

2561,41 1558,59 221
2637,6 1584 514

2586,8 1939,61 222
2726,5 1939,61 343

2612,21 1812,6 223
2561,41 1812,6 225

2586,8 1761,8 224
2510,61 1685,61 519

2561,41 1812,6 225
2536 1812,6 516

2561,41 1761,8 226
2586,8 1761,8 224

2612,21 999,8 227
2574,1 949 241

2701,09 1291,89 228
2764,61 1279,2 331

2764,61 1126,8 229
2688,4 1126,8 215

2790 1152,21 230
2764,61 1126,8 229

2840,8 1126,8 231
2790 1152,21 230

2790 821,99 232
2815,41 796,6 321

2739,2 821,99 233
2739,2 796,6 330

2713,81 872,79 234
2739,2 821,99 233

2612,21 796,6 235
2612,21 834,71 240

2434,39 1304,61 236
2485,2 1279,2 205

2497,89 834,71 237
2536 796,6 206

2536 872,79 238
2459,8 974,39 204

2561,41 821,99 239
2612,21 796,6 235

2612,21 834,71 240
2713,81 872,79 234

2574,1 949 241
2536 872,79 238

2561,41 796,6 242
2561,41 821,99 239

2561,41 999,8 243
2612,21 999,8 227

2586,8 1101,41 244
2612,21 1152,21 219

2510,61 1177,6 245
2497,89 1101,41 255

2536 1203,01 246
2510,61 1177,6 245

2472,5 1558,59 247
2447,11 1558,59 256

2561,41 2066,6 248
2536 2015,8 515

2637,6 2219 249
2561,41 2244,39 210

2586,8 2104,71 250
2637,6 2142,79 253

2561,41 2104,71 251
2586,8 2104,71 250

2637,6 2244,39 252
2637,6 2219 249

2637,6 2142,79 253
2612,21 2066,6 512

2536 1456,99 254
2561,41 1558,59 221

2497,89 1101,41 255
2561,41 999,8 243

2447,11 1558,59 256
2447,11 1584 192

2383,59 1469,71 257
2434,39 1406,19 196

2281,99 1812,6 258
2358,2 1812,6 265

2231,19 2041,19 259
2167,7 2079,3 272

2434,39 2219 260
2510,61 2142,79 211

2440,74 2231,7 261
2447,11 2225,35 264

2459,8 2244,39 262
2453,46 2231,7 263

2453,46 2231,7 263
2447,11 2238,05 525

2447,11 2225,35 264
2434,39 2219 260

2358,2 1812,6 265
2332,79 1888,81 524

2383,59 1939,61 266
2383,59 1888,81 523

2307,4 2142,79 267
2256,6 2142,79 268

2256,6 2142,79 268
2231,19 2142,79 271

2332,79 1939,61 269
2383,59 1939,61 266

2370,9 1101,41 270
2358,2 1126,8 191

2231,19 2142,79 271
2231,19 2041,19 259

2167,7 2079,3 272
2129,61 2041,19 274

2129,61 2244,39 273
2078,81 2244,39 277

2129,61 2041,19 274
2078,81 2066,6 278

2180,39 2219 275
2129,61 2244,39 273

2078,81 2142,79 276
2180,39 2219 275

2078,81 2244,39 277
2053,4 2219 282

2078,81 2066,6 278
2053,4 2117,4 280

2028,01 2244,39 279
1977,21 2244,39 131

2053,4 2117,4 280
2028,01 2142,79 281

2028,01 2142,79 281
2078,81 2142,79 276

2053,4 2219 282
2028,01 2244,39 279

2002,6 2066,6 283
2002,6 1939,61 585

1977,21 2066,6 284
2002,6 2066,6 283

3018,59 2193,59 285
2980,51 2104,71 289

3044 2142,79 286
3069,39 2219 290

3044 2219 287
3018,59 2193,59 285

2967,79 2168,2 288
2916,99 2219 505

2980,51 2104,71 289
3044 2066,6 484

3069,39 2219 290
3044 2219 287

3069,39 2142,79 291
3044 2142,79 286

3132,91 2117,4 292
3069,39 2142,79 291

3209,1 1952,3 293
3196,41 2066,6 294

3196,41 2066,6 294
3132,91 2117,4 292

3120,2 2015,8 295
3094,8 1965 298

3171 1812,6 296
3234,49 1799,9 417

3107,5 1584 297
3171 1533,2 477

3094,8 1965 298
2993,2 1939,61 300

3069,39 2015,8 299
3120,2 2015,8 295

2993,2 1939,61 300
2993,2 2015,8 301

2993,2 2015,8 301
2967,79 2066,6 302

2967,79 2066,6 302
2916,99 2041,19 501

2993,2 898,2 303
2967,79 796,6 318

3018,59 1050,61 304
3044 1050,61 357

3044 872,79 305
2993,2 949 317

3069,39 949 306
3069,39 898,2 308

3069,39 796,6 307
3120,2 796,6 309

3069,39 898,2 308
3044 872,79 305

3120,2 796,6 309
3145,61 872,79 315

3171 923,59 310
3196,41 796,6 402

3120,2 1050,61 311
3120,2 1126,8 314

3171 999,8 312
3145,61 1050,61 313

3145,61 1050,61 313
3120,2 1050,61 311

3120,2 1126,8 314
3171 1177,6 363

3145,61 872,79 315
3171 923,59 310

3094,8 1304,61 316
3145,61 1253,81 362

2993,2 949 317
2993,2 898,2 303

2967,79 796,6 318
2993,2 796,6 319

2993,2 796,6 319
3069,39 796,6 307

2840,8 872,79 320
2853,5 974,39 328

2815,41 796,6 321
2840,8 872,79 320

2802,7 1215,7 322
2866,19 1253,81 329

2828,11 1330 323
2866,19 1342,7 337

2790 1380,8 324
2637,6 1406,19 513

2802,7 1330 325
2828,11 1330 323

2891,6 1101,41 326
2840,8 1126,8 231

2866,19 1050,61 327
2891,6 1101,41 326

2853,5 974,39 328
2904,3 1025,2 334

2866,19 1253,81 329
2840,8 1279,2 332

2739,2 796,6 330
2790 821,99 232

2764,61 1279,2 331
2802,7 1215,7 322

2840,8 1279,2 332
2802,7 1330 325

2916,99 1253,81 333
3005,9 1228,4 359

2904,3 1025,2 334
2866,19 1050,61 327

2916,99 1406,19 335
2891,6 1342,7 336

2891,6 1342,7 336
2916,99 1253,81 333

2866,19 1342,7 337
2916,99 1406,19 335

2815,41 1431,6 338
2790 1431,6 348

2853,5 1456,99 339
2815,41 1431,6 338

2840,8 1761,8 340
2815,41 1761,8 351

2790 1634,8 341
2840,8 1685,61 342

2840,8 1685,61 342
2891,6 1685,61 495

2726,5 1939,61 343
2790 1939,61 344

2790 1939,61 344
2891,6 1977,7 500

2790 2015,8 345
2764,61 2066,6 510

2739,2 1825,29 346
2663,01 1761,8 216

2764,61 1507,79 347
2790 1584 349

2790 1431,6 348
2790 1380,8 324

2790 1584 349
2790 1634,8 341

2764,61 1761,8 350
2739,2 1825,29 346

2815,41 1761,8 351
2764,61 1761,8 350

2739,2 1571,31 352
2764,61 1507,79 347

2840,8 2117,4 353
2866,19 2142,79 354

2866,19 2142,79 354
2891,6 2142,79 502

2967,79 1126,8 355
3018,59 1050,61 304

3018,59 1126,8 356
2967,79 1126,8 355

3044 1050,61 357
3069,39 949 306

3069,39 1304,61 358
3094,8 1304,61 316

3005,9 1228,4 359
2993,2 1304,61 483

3044 1380,8 360
3069,39 1507,79 488

3120,2 1177,6 361
3018,59 1126,8 356

3145,61 1253,81 362
3171 1253,81 475

3171 1177,6 363
3120,2 1177,6 361

3120,2 1380,8 364
3069,39 1380,8 489

3298,01 2168,2 365
3221,8 2168,2 404

3488,5 1157,4 366
3495,18 1160,74 374

3505,18 1167,4 367
3498,5 1170,74 373

3508,5 1194,06 368
3508,5 1197,4 372

3488,5 1260,74 369
3348,81 1177,6 471

3505,18 1240,74 370
3488,5 1260,74 369

3498,5 1220,74 371
3505,18 1240,74 370

3508,5 1197,4 372
3498,5 1220,74 371

3498,5 1170,74 373
3508,5 1194,06 368

3495,18 1160,74 374
3505,18 1167,4 367

3488,5 1127,4 375
3488,5 1157,4 366

3498,5 1120,74 376
3488,5 1127,4 375

3488,5 1097,4 377
3498,5 1120,74 376

3488,5 1094,06 378
3488,5 1097,4 377

3508,5 1077,4 379
3488,5 1094,06 378

3498,5 1057,4 380
3508,5 1077,4 379

3498,5 1050,74 381
3498,5 1057,4 380

3508,5 1037,4 382
3498,5 1050,74 381

3488,5 1020,74 383
3508,5 1037,4 382

3508,5 1000,74 384
3488,5 1020,74 383

3425 999,8 385
3374,2 898,2 400

3488,5 907,4 386
3495,18 920,74 389

3488,5 927,4 387
3495,18 940,74 388

3495,18 940,74 388
3508,5 1000,74 384

3495,18 920,74 389
3488,5 927,4 387

3508,5 900,74 390
3498,5 894,06 391

3498,5 894,06 391
3488,5 907,4 386

3508,5 880,74 392
3508,5 900,74 390

3488,5 860,74 393
3508,5 880,74 392

3450,41 872,79 394
3488,5 860,74 393

3348,81 771,19 395
3298,01 847,4 401

3323,4 707,7 396
3348,81 771,19 395

3272,6 847,4 397
3298,01 923,59 407

3221,8 999,8 398
3171 999,8 312

3323,4 974,39 399
3425 999,8 385

3374,2 898,2 400
3450,41 872,79 394

3298,01 847,4 401
3272,6 847,4 397

3196,41 796,6 402
3323,4 707,7 396

3196,41 1266,5 403
3247,21 1228,4 474

3221,8 2168,2 404
3272,6 2041,19 408

3272,6 1101,41 405
3272,6 1025,2 406

3272,6 1025,2 406
3221,8 999,8 398

3298,01 923,59 407
3323,4 974,39 399

3272,6 2041,19 408
3298,01 1990,39 409

3298,01 1990,39 409
3348,81 2066,6 410

3348,81 2066,6 410
3399,61 2066,6 415

3399,61 1812,6 411
3437,7 1850,7 453

3361,5 1787,21 412
3399,61 1812,6 411

3336,09 1914,2 413
3323,4 1863,4 458

3361,5 1990,39 414
3412,3 1977,7 462

3399,61 2066,6 415
3361,5 1990,39 414

3272,6 1761,8 416
3120,2 1685,61 486

3234,49 1799,9 417
3272,6 1761,8 416

3272,6 1507,79 418
3298,01 1558,59 419

3298,01 1558,59 419
3247,21 1634,8 420

3247,21 1634,8 420
3323,4 1634,8 459

3405,96 2211,31 421
3410,96 2216,31 422

3410,96 2216,31 422
3405,96 2231,31 423

3405,96 2231,31 423
3395,96 2231,31 424

3395,96 2231,31 424
3298,01 2168,2 365

3495,18 2167,56 425
3405,96 2211,31 421

3498,5 2157,56 426
3495,18 2167,56 425

3498,5 2150,9 427
3498,5 2157,56 426

3498,5 2140,9 428
3498,5 2150,9 427

3488,5 2120,9 429
3498,5 2140,9 428

3505,18 2100,9 430
3488,5 2120,9 429

3498,5 2080,9 431
3505,18 2100,9 430

3488,5 2057,56 432
3498,5 2080,9 431

3488,5 2054,24 433
3488,5 2057,56 432

3498,5 2037,56 434
3488,5 2040,9 435

3488,5 2040,9 435
3488,5 2054,24 433

3498,5 2020,9 436
3498,5 2037,56 434

3495,18 2000,9 437
3498,5 2020,9 436

3508,5 1997,56 438
3495,18 2000,9 437

3498,5 1977,56 439
3508,5 1997,56 438

3498,5 1970,9 440
3498,5 1977,56 439

3495,18 1960,9 441
3498,5 1970,9 440

3508,5 1957,56 442
3495,18 1960,9 441

3488,5 1927,56 443
3508,5 1957,56 442

3498,5 1920,9 444
3488,5 1927,56 443

3488,5 1897,56 445
3498,5 1920,9 444

3488,5 1894,24 446
3488,5 1897,56 445

3508,5 1877,56 447
3488,5 1894,24 446

3498,5 1857,56 448
3508,5 1877,56 447

3498,5 1850,9 449
3498,5 1857,56 448

3508,5 1837,56 450
3498,5 1850,9 449

3488,5 1820,9 451
3508,5 1800,9 452

3508,5 1800,9 452
3508,5 1837,56 450

3437,7 1850,7 453
3488,5 1820,9 451

3348,81 1406,19 454
3348,81 1456,99 456

3348,81 1507,79 455
3399,61 1558,59 464

3348,81 1456,99 456
3348,81 1507,79 455

3323,4 1761,8 457
3361,5 1787,21 412

3323,4 1863,4 458
3209,1 1952,3 293

3323,4 1634,8 459
3374,2 1685,61 460

3374,2 1685,61 460
3399,61 1685,61 463

3399,61 1914,2 461
3336,09 1914,2 413

3412,3 1977,7 462
3399,61 1914,2 461

3399,61 1685,61 463
3323,4 1761,8 457

3399,61 1558,59 464
3425 1584 465

3425 1584 465
3323,4 1558,59 466

3323,4 1558,59 466
3298,01 1507,79 467

3298,01 1507,79 467
3272,6 1507,79 418

3221,8 1380,8 468
3120,2 1380,8 364

3272,6 1406,19 469
3221,8 1380,8 468

3323,4 1380,8 470
3348,81 1406,19 454

3348,81 1177,6 471
3348,81 1253,81 472

3348,81 1253,81 472
3323,4 1380,8 470

3272,6 1177,6 473
3272,6 1101,41 405

3247,21 1228,4 474
3272,6 1177,6 473

3171 1253,81 475
3196,41 1266,5 403

3145,61 1456,99 476
3272,6 1406,19 469

3171 1533,2 477
3145,61 1456,99 476

3044 1761,8 478
3120,2 1761,8 487

3005,9 1736,41 479
3044 1761,8 478

3018,59 1558,59 480
2967,79 1533,2 491

2993,2 1787,21 481
3005,9 1736,41 479

2942,4 1761,8 482
2993,2 1787,21 481

2993,2 1304,61 483
3069,39 1304,61 358

3044 2066,6 484
3044 2015,8 485

3044 2015,8 485
3069,39 2015,8 299

3120,2 1685,61 486
3018,59 1634,8 490

3120,2 1761,8 487
3171 1812,6 296

3069,39 1507,79 488
3018,59 1558,59 480

3069,39 1380,8 489
3044 1380,8 360

3018,59 1634,8 490
3107,5 1584 297

2967,79 1533,2 491
2891,6 1507,79 492

2891,6 1507,79 492
2840,8 1507,79 497

2916,99 1863,4 493
2866,19 1787,21 496

2891,6 1888,81 494
2916,99 1863,4 493

2891,6 1685,61 495
2942,4 1761,8 482

2866,19 1787,21 496
2840,8 1787,21 499

2840,8 1507,79 497
2853,5 1456,99 339

2815,41 2015,8 498
2790 2015,8 345

2840,8 1787,21 499
2840,8 1761,8 340

2891,6 1977,7 500
2891,6 1888,81 494

2916,99 2041,19 501
2891,6 2066,6 504

2891,6 2142,79 502
2967,79 2168,2 288

2866,19 2168,2 503
2815,41 2244,39 506

2891,6 2066,6 504
2815,41 2066,6 507

2916,99 2219 505
2866,19 2168,2 503

2815,41 2244,39 506
2713,81 2244,39 212

2815,41 2066,6 507
2815,41 2015,8 498

2790 2142,79 508
2840,8 2117,4 353

2739,2 2168,2 509
2790 2142,79 508

2764,61 2066,6 510
2701,09 2079,3 214

2663,01 2244,39 511
2637,6 2244,39 252

2612,21 2066,6 512
2561,41 2066,6 248

2637,6 1406,19 513
2637,6 1355,39 220

2637,6 1584 514
2739,2 1571,31 352

2536 2015,8 515
2485,2 2015,8 526

2536 1812,6 516
2510,61 1838,01 517

2510,61 1838,01 517
2485,2 1838,01 520

2485,2 1787,21 518
2561,41 1761,8 226

2510,61 1685,61 519
2523,3 1584 208

2485,2 1838,01 520
2485,2 1787,21 518

2485,2 1939,61 521
2561,41 1939,61 209

2510,61 2219 522
2459,8 2244,39 262

2383,59 1888,81 523
2485,2 1939,61 521

2332,79 1888,81 524
2332,79 1939,61 269

2447,11 2238,05 525
2440,74 2231,7 261

2485,2 2015,8 526
2459,8 2066,6 527

2459,8 2066,6 527
2434,39 2053,91 198

2358,2 1279,2 528
2332,79 1304,61 540

2294,71 1355,39 529
2243,91 1279,2 547

2281,99 872,79 530
2320,1 872,79 534

2307,4 1253,81 531
2358,2 1279,2 528

2320,1 1171,25 532
2326,45 1164,9 533

2326,45 1164,9 533
2332,79 1177,6 539

2320,1 872,79 534
2409 872,79 203

2320,1 1158,55 535
2313,75 1164,9 536

2313,75 1164,9 536
2320,1 1171,25 532

2294,71 1228,4 537
2307,4 1253,81 531

2307,4 1050,61 538
2370,9 1101,41 270

2332,79 1177,6 539
2294,71 1228,4 537

2332,79 1304,61 540
2358,2 1330 541

2358,2 1330 541
2294,71 1355,39 529

2358,2 1634,8 542
2307,4 1634,8 543

2307,4 1634,8 543
2281,99 1634,8 548

2205,8 1761,8 544
2281,99 1761,8 189

2281,99 1558,59 545
2332,79 1558,59 190

2231,19 1228,4 546
2231,19 1177,6 549

2243,91 1279,2 547
2205,8 1253,81 564

2281,99 1634,8 548
2205,8 1558,59 188

2231,19 1177,6 549
2193,11 1152,21 561

2129,61 1507,79 550
2053,4 1507,79 569

2155 1304,61 551
2129,61 1380,8 573

2155 1177,6 552
2155 1253,81 185

2167,7 1260,16 553
2174,04 1266,5 554

2174,04 1266,5 554
2167,7 1272,85 187

2129,61 1685,61 555
2205,8 1761,8 544

2155 1634,8 556
2129,61 1685,61 555

2078,81 1609,39 557
2155 1634,8 556

2066,09 1152,21 558
2155 1177,6 552

2028,01 1253,81 559
2002,6 1253,81 592

2167,7 885,51 560
2231,19 923,59 565

2193,11 1152,21 561
2205,8 1126,8 563

2180,39 1050,61 562
2104,2 999,8 596

2205,8 1126,8 563
2180,39 1050,61 562

2205,8 1253,81 564
2231,19 1228,4 546

2231,19 923,59 565
2281,99 872,79 530

2155 1406,19 566
2129,61 1456,99 574

2053,4 1838,01 567
2078,81 1761,8 568

2078,81 1761,8 568
2028,01 1736,41 576

2053,4 1507,79 569
2002,6 1507,79 587

2002,6 1355,39 570
1926,41 1304,61 588

2053,4 1431,6 571
2002,6 1355,39 570

2053,4 1685,61 572
2078,81 1609,39 557

2129,61 1380,8 573
2155 1406,19 566

2129,61 1456,99 574
2129,61 1507,79 550

2078,81 1279,2 575
2028,01 1253,81 559

2028,01 1736,41 576
1977,21 1787,21 579

2002,6 1838,01 577
2053,4 1838,01 567

1977,21 1838,01 578
1951,8 1812,6 580

1977,21 1787,21 579
1977,21 1838,01 578

1951,8 1812,6 580
1926,41 1812,6 584

2002,6 1685,61 581
2053,4 1685,61 572

1977,21 1431,6 582
2053,4 1431,6 571

1901 1406,19 583
1977,21 1431,6 582

1926,41 1812,6 584
1850,2 1812,6 602

2002,6 1939,61 585
2002,6 1838,01 577

1977,21 1533,2 586
1939,1 1609,39 589

2002,6 1507,79 587
1977,21 1533,2 586

1926,41 1304,61 588
2078,81 1279,2 575

1939,1 1609,39 589
2002,6 1685,61 581

1901 1253,81 590
1850,2 1304,61 606

2002,6 1050,61 591
2002,6 1177,6 595

2002,6 1253,81 592
1951,8 1253,81 594

2028,01 999,8 593
2002,6 999,8 598

1951,8 1253,81 594
1901 1253,81 590

2002,6 1177,6 595
2028,01 1152,21 597

2104,2 999,8 596
2028,01 999,8 593

2028,01 1152,21 597
2066,09 1152,21 558

2002,6 999,8 598
1977,21 999,8 600

1913,69 1152,21 599
1850,2 1076 605

1977,21 999,8 600
2002,6 1050,61 591

1850,2 1177,6 601
1913,69 1152,21 599

1850,2 1812,6 602
1774 1812,6 147

1875,61 2015,8 603
1913,69 2079,3 130

1862,89 1888,81 604
1875,61 2015,8 603

1850,2 1076 605
1799,39 999,8 165

1850,2 1304,61 606
1799,39 1330 608

1850,2 1406,19 607
1901 1406,19 583

1799,39 1330 608
1723,2 1330 153

1723,2 1101,41 609
1723,2 1152,21 157

1672,4 872,79 610
1748,59 898,2 161

1634,3 733,11 611
1672,4 707,7 631

1570,8 796,6 612
1583,5 733,11 613

1583,5 733,11 613
1634,3 733,11 611

1596,19 847,4 614
1545,39 847,4 628

1596,19 1126,8 615
1672,4 1076 158

1596,19 1177,6 616
1596,19 1126,8 615

1596,19 923,59 617
1596,19 898,2 630

1570,8 1076 618
1570,8 999,8 622

1596,19 1355,39 619
1646,99 1304,61 159

1672,4 847,4 620
1672,4 872,79 610

1621,6 1431,6 621
1646,99 1380,8 638

1570,8 999,8 622
1596,19 949 623

1596,19 949 623
1596,19 923,59 617

1570,8 1253,81 624
1545,39 1304,61 660

1532,7 1228,4 625
1570,8 1253,81 624

1443,81 1456,99 626
1520 1431,6 629

1494,61 1203,01 627
1532,7 1228,4 625

1545,39 847,4 628
1532,7 872,79 659

1520 1431,6 629
1596,19 1406,19 637

1596,19 898,2 630
1596,19 847,4 614

1672,4 707,7 631
1710,51 733,11 155

1672,4 821,99 632
1672,4 847,4 620

1570,8 1203,01 633
1596,19 1177,6 616

1570,8 1482,4 634
1545,39 1558,59 644

1596,19 1482,4 635
1570,8 1482,4 634

1672,4 1203,01 636
1570,8 1203,01 633

1596,19 1406,19 637
1621,6 1431,6 621

1646,99 1380,8 638
1596,19 1355,39 619

1545,39 1787,21 639
1545,39 1812,6 641

1520 1761,8 640
1545,39 1787,21 639

1545,39 1812,6 641
1570,8 1812,6 120

1494,61 1558,59 642
1469,2 1558,59 646

1545,39 1685,61 643
1443,81 1685,61 652

1545,39 1558,59 644
1494,61 1558,59 642

1469,2 1634,8 645
1545,39 1685,61 643

1469,2 1558,59 646
1469,2 1634,8 645

1443,81 1761,8 647
1494,61 1812,6 648

1494,61 1812,6 648
1520 1761,8 640

1520 2142,79 649
1520 2028,5 119

1545,39 2244,39 650
1494,61 2244,39 118

1494,61 1888,81 651
1443,81 1888,81 653

1443,81 1685,61 652
1367,6 1634,8 117

1443,81 1888,81 653
1342,21 1939,61 105

1469,2 974,39 654
1443,81 1050,61 665

1545,39 733,11 655
1570,8 796,6 612

1494,61 847,4 656
1443,81 796,6 673

1494,61 1126,8 657
1494,61 1177,6 658

1494,61 1177,6 658
1494,61 1203,01 627

1532,7 872,79 659
1494,61 949 662

1545,39 1304,61 660
1494,61 1304,61 663

1494,61 1076 661
1494,61 1126,8 657

1494,61 949 662
1469,2 974,39 654

1494,61 1304,61 663
1443,81 1330 664

1443,81 1330 664
1367,6 1304,61 666

1443,81 1050,61 665
1494,61 1076 661

1367,6 1304,61 666
1367,6 1330 679

1393,01 1431,6 667
1443,81 1456,99 626

1393,01 898,2 668
1418,4 860,1 678

1367,6 1152,21 669
1367,6 1101,41 681

1342,21 999,8 670
1367,6 923,59 680

1316,8 733,11 671
1367,6 821,99 682

1291,41 1126,8 672
1291,41 1076 79

1443,81 796,6 673
1469,2 707,7 683

1507,3 733,11 674
1545,39 733,11 655

1443,81 847,4 675
1494,61 847,4 656

1367,6 1482,4 676
1393,01 1431,6 667

1367,6 1203,01 677
1367,6 1152,21 669

1418,4 860,1 678
1443,81 847,4 675

1367,6 1330 679
1291,41 1355,39 35

1367,6 923,59 680
1393,01 898,2 668

1367,6 1101,41 681
1291,41 1126,8 672

1367,6 821,99 682
1342,21 999,8 670

1469,2 707,7 683
1507,3 733,11 674

1240,61 974,39 684
1189,8 847,4 81

1189,8 821,99 685
1139 860,1 48

1151,7 1279,2 686
1189,8 1253,81 33

1062,79 1507,79 687
1139 1533,2 82

1062,79 1279,2 688
1113,59 1228,4 45

1088,2 1317,3 689
1024,71 1279,2 93

1062,79 923,59 690
1113,59 923,59 43

986,6 1456,99 691
986,6 1507,79 94

961,19 1406,19 692
986,6 1380,8 22

859,61 1279,2 693
808,81 1330 698

859,61 1025,2 694
808,81 999,8 722

935,8 1584 695
859,61 1533,2 699

897,7 1418,91 696
961,19 1406,19 692

859,61 1152,21 697
808,81 1152,21 721

808,81 1330 698
758,01 1279,2 703

859,61 1533,2 699
897,7 1418,91 696

834,2 1939,61 700
808,81 1863,4 701

808,81 1863,4 701
783,4 1888,81 709

758,01 1660,2 702
808,81 1736,41 10

758,01 1279,2 703
681,8 1355,39 712

758,01 1177,6 704
859,61 1279,2 693

681,8 1787,21 705
656,41 1736,41 5

681,8 1838,01 706
656,41 1838,01 714

707,21 1939,61 707
732,6 1939,61 708

732,6 1939,61 708
758,01 1939,61 719

783,4 1888,81 709
758,01 1863,4 8

758,01 1787,21 710
872,3 1787,21 16

732,6 1584 711
758,01 1660,2 702

681,8 1355,39 712
681,8 1279,2 713

681,8 1279,2 713
605,61 1253,81 4

656,41 1838,01 714
681,8 1787,21 705

681,8 999,8 715
681,8 923,59 724

713,55 1825,29 716
681,8 1838,01 706

719,9 1831,64 717
713,55 1825,29 716

681,8 2041,19 718
707,21 1939,61 707

758,01 1939,61 719
808,81 1965 720

808,81 1965 720
834,2 1939,61 700

808,81 1152,21 721
758,01 1177,6 704

808,81 999,8 722
808,81 949 723

808,81 949 723
681,8 1025,2 2

681,8 923,59 724
605,61 796,6 1

