1
13

2
715

3
11

4
3

5
711

6
718

7
717

8
7

9
710

10
9

11
694

12
14

13
12

14
18

15
6

16
19

17
15

18
99

19
20

20
98

21
697

22
691

23
28

24
21

25
24

26
27

27
91

28
690

29
25

30
47

31
30

32
684

33
36

34
65

35
38

36
677

37
44

38
34

39
29

40
42

41
80

42
49

43
46

44
39

45
686

46
32

47
689

48
40

49
41

50
108

51
109

52
60

53
73

54
72

55
54

56
58

57
76

58
57

59
647

60
59

61
62

62
56

63
84

64
116

65
67

66
50

67
66

68
90

69
112

70
63

71
106

72
53

73
74

74
111

75
77

76
113

77
55

78
107

79
37

80
671

81
685

82
31

83
110

84
86

85
83

86
85

87
102

88
89

89
103

90
101

91
92

92
95

93
688

94
96

95
23

96
687

97
695

98
87

99
26

100
17

101
100

102
88

103
97

104
70

105
61

106
104

107
676

108
51

109
68

110
69

111
115

112
52

113
114

114
75

115
64

116
71

117
78

118
649

119
651

120
121

121
123

122
650

123
168

124
169

125
126

126
172

127
132

128
133

129
284

130
129

131
128

132
171

133
127

134
137

135
148

136
135

137
138

138
607

139
601

140
139

141
635

142
144

143
163

144
145

145
173

146
149

147
151

148
134

149
604

150
136

151
150

152
141

153
152

154
160

155
164

156
632

157
162

158
618

159
636

160
609

161
154

162
140

163
156

164
143

165
166

166
142

167
124

168
167

169
170

170
125

171
122

172
146

173
175

174
176

175
184

176
178

177
174

178
183

179
177

180
179

181
182

182
560

183
181

184
180

185
186

186
553

187
551

188
545

189
258

190
257

191
535

192
542

193
267

194
193

195
194

196
199

197
195

198
197

199
201

200
237

201
236

202
538

203
200

204
202

205
207

206
242

207
254

208
247

209
222

210
522

211
251

212
511

213
509

214
213

215
217

216
223

217
218

218
244

219
246

220
228

221
514

222
343

223
225

224
519

225
516

226
224

227
241

228
331

229
215

230
229

231
230

232
321

233
330

234
233

235
240

236
205

237
206

238
204

239
235

240
234

241
238

242
239

243
227

244
219

245
255

246
245

247
256

248
515

249
210

250
253

251
250

252
249

253
512

254
221

255
243

256
192

257
196

258
265

259
272

260
211

261
264

262
263

263
525

264
260

265
524

266
523

267
268

268
271

269
266

270
191

271
259

272
274

273
277

274
278

275
273

276
275

277
282

278
280

279
131

280
281

281
276

282
279

283
585

284
283

285
289

286
290

287
285

288
505

289
484

290
287

291
286

292
291

293
294

294
292

295
298

296
417

297
477

298
300

299
295

300
301

301
302

302
501

303
318

304
357

305
317

306
308

307
309

308
305

309
315

310
402

311
314

312
313

313
311

314
363

315
310

316
362

317
303

318
319

319
307

320
328

321
320

322
329

323
337

324
513

325
323

326
231

327
326

328
334

329
332

330
232

331
322

332
325

333
359

334
327

335
336

336
333

337
335

338
348

339
338

340
351

341
342

342
495

343
344

344
500

345
510

346
216

347
349

348
324

349
341

350
346

351
350

352
347

353
354

354
502

355
304

356
355

357
306

358
316

359
483

360
488

361
356

362
475

363
361

364
489

365
404

366
374

367
373

368
372

369
471

370
369

371
370

372
371

373
368

374
367

375
366

376
375

377
376

378
377

379
378

380
379

381
380

382
381

383
382

384
383

385
400

386
389

387
388

388
384

389
387

390
391

391
386

392
390

393
392

394
393

395
401

396
395

397
407

398
312

399
385

400
394

401
397

402
396

403
474

404
408

405
406

406
398

407
399

408
409

409
410

410
415

411
453

412
411

413
458

414
462

415
414

416
486

417
416

418
419

419
420

420
459

421
422

422
423

423
424

424
365

425
421

426
425

427
426

428
427

429
428

430
429

431
430

432
431

433
432

434
435

435
433

436
434

437
436

438
437

439
438

440
439

441
440

442
441

443
442

444
443

445
444

446
445

447
446

448
447

449
448

450
449

451
452

452
450

453
451

454
456

455
464

456
455

457
412

458
293

459
460

460
463

461
413

462
461

463
457

464
465

465
466

466
467

467
418

468
364

469
468

470
454

471
472

472
470

473
405

474
473

475
403

476
469

477
476

478
487

479
478

480
491

481
479

482
481

483
358

484
485

485
299

486
490

487
296

488
480

489
360

490
297

491
492

492
497

493
496

494
493

495
482

496
499

497
339

498
345

499
340

500
494

501
504

502
288

503
506

504
507

505
503

506
212

507
498

508
353

509
508

510
214

511
252

512
248

513
220

514
352

515
526

516
517

517
520

518
226

519
208

520
518

521
209

522
262

523
521

524
269

525
261

526
527

527
198

528
540

529
547

530
534

531
528

532
533

533
539

534
203

535
536

536
532

537
531

538
270

539
537

540
541

541
529

542
543

543
548

544
189

545
190

546
549

547
564

548
188

549
561

550
569

551
573

552
185

553
554

554
187

555
544

556
555

557
556

558
552

559
592

560
565

561
563

562
596

563
562

564
546

565
530

566
574

567
568

568
576

569
587

570
588

571
570

572
557

573
566

574
550

575
559

576
579

577
567

578
580

579
578

580
584

581
572

582
571

583
582

584
602

585
577

586
589

587
586

588
575

589
581

590
606

591
595

592
594

593
598

594
590

595
597

596
593

597
558

598
600

599
605

600
591

601
599

602
147

603
130

604
603

605
165

606
608

607
583

608
153

609
157

610
161

611
631

612
613

613
611

614
628

615
158

616
615

617
630

618
622

619
159

620
610

621
638

622
623

623
617

624
660

625
624

626
629

627
625

628
659

629
637

630
614

631
155

632
620

633
616

634
644

635
634

636
633

637
621

638
619

639
641

640
639

641
120

642
646

643
652

644
642

645
643

646
645

647
648

648
640

649
119

650
118

651
653

652
117

653
105

654
665

655
612

656
673

657
658

658
627

659
662

660
663

661
657

662
654

663
664

664
666

665
661

666
679

667
626

668
678

669
681

670
680

671
682

672
79

673
683

674
655

675
656

676
667

677
669

678
675

679
35

680
668

681
672

682
670

683
674

684
81

685
48

686
33

687
82

688
45

689
93

690
43

691
94

692
22

693
698

694
722

695
699

696
692

697
721

698
703

699
696

700
701

701
709

702
10

703
712

704
693

705
5

706
714

707
708

708
719

709
8

710
16

711
702

712
713

713
4

714
705

715
724

716
706

717
716

718
707

719
720

720
700

721
704

722
723

723
2

724
1

43545
