1
724

2
3

3
4

4
713

5
705

6
15

7
8

8
709

9
710

10
20

11
694

12
13

13
1

14
12

15
17

16
10

17
86

18
14

19
16

20
98

21
697

22
691

23
28

24
21

25
24

26
27

27
92

28
690

29
25

30
47

31
30

32
684

33
36

34
65

35
679

36
35

37
44

38
689

39
29

40
91

41
49

42
685

43
46

44
39

45
686

46
32

47
38

48
40

49
42

50
108

51
109

52
60

53
73

54
55

55
53

56
62

57
58

58
56

59
51

60
653

61
105

62
61

63
70

64
85

65
67

66
50

67
66

68
112

69
90

70
104

71
106

72
54

73
74

74
115

75
77

76
75

77
57

78
107

79
37

80
41

81
48

82
31

83
111

84
63

85
83

86
84

87
102

88
89

89
103

90
101

91
99

92
95

93
688

94
96

95
23

96
687

97
695

98
87

99
18

100
19

101
100

102
88

103
97

104
116

105
52

106
72

107
117

108
78

109
68

110
114

111
110

112
69

113
76

114
113

115
64

116
71

117
652

118
650

119
649

120
641

121
120

122
171

123
168

124
167

125
170

126
125

127
603

128
127

129
284

130
129

131
279

132
133

133
128

134
148

135
136

136
150

137
134

138
137

139
140

140
162

141
138

142
161

143
164

144
142

145
144

146
172

147
602

148
135

149
147

150
151

151
121

152
141

153
608

154
165

155
631

156
163

157
609

158
615

159
153

160
154

161
610

162
636

163
143

164
155

165
166

166
605

167
123

168
149

169
124

170
169

171
132

172
126

173
145

174
177

175
173

176
174

177
179

178
176

179
184

180
181

181
183

182
180

183
178

184
175

185
553

186
185

187
186

188
556

189
258

190
542

191
533

192
256

193
260

194
259

195
194

196
257

197
195

198
197

199
196

200
237

201
205

202
203

203
534

204
202

205
246

206
200

207
201

208
221

209
222

210
249

211
522

212
506

213
509

214
213

215
229

216
224

217
215

218
217

219
218

220
513

221
514

222
223

223
216

224
225

225
516

226
519

227
243

228
220

229
230

230
231

231
326

232
330

233
234

234
240

235
239

236
199

237
238

238
241

239
242

240
235

241
227

242
206

243
204

244
219

245
255

246
245

247
208

248
515

249
252

250
251

251
248

252
511

253
512

254
207

255
244

256
247

257
190

258
265

259
272

260
261

261
525

262
263

263
264

264
211

265
524

266
523

267
193

268
267

269
266

270
191

271
268

272
274

273
275

274
278

275
271

276
281

277
273

278
280

279
282

280
276

281
131

282
277

283
585

284
283

285
287

286
484

287
290

288
285

289
302

290
291

291
286

292
404

293
409

294
292

295
298

296
417

297
486

298
293

299
295

300
301

301
485

302
504

303
317

304
355

305
308

306
357

307
319

308
306

309
307

310
315

311
313

312
398

313
312

314
311

315
402

316
358

317
305

318
303

319
318

320
321

321
232

322
331

323
337

324
325

325
323

326
327

327
334

328
320

329
332

330
233

331
228

332
322

333
329

334
328

335
483

336
335

337
336

338
348

339
338

340
351

341
342

342
495

343
344

344
345

345
498

346
343

347
349

348
324

349
341

350
346

351
350

352
347

353
354

354
502

355
356

356
361

357
304

358
360

359
333

360
489

361
363

362
316

363
314

364
468

365
424

366
375

367
374

368
373

369
370

370
371

371
372

372
368

373
367

374
366

375
376

376
377

377
378

378
379

379
380

380
381

381
382

382
383

383
384

384
388

385
399

386
391

387
389

388
387

389
386

390
392

391
390

392
393

393
394

394
400

395
396

396
397

397
310

398
406

399
407

400
385

401
395

402
309

403
475

404
365

405
473

406
405

407
401

408
294

409
408

410
414

411
460

412
411

413
458

414
462

415
410

416
457

417
416

418
477

419
466

420
419

421
425

422
421

423
422

424
423

425
426

426
427

427
428

428
429

429
430

430
431

431
432

432
433

433
434

434
435

435
415

436
437

437
438

438
439

439
440

440
441

441
442

442
443

443
444

444
445

445
446

446
447

447
448

448
449

449
450

450
452

451
453

452
451

453
461

454
470

455
456

456
454

457
412

458
296

459
420

460
463

461
413

462
436

463
465

464
459

465
464

466
455

467
418

468
469

469
467

470
472

471
369

472
471

473
474

474
403

475
362

476
488

477
476

478
479

479
481

480
491

481
482

482
496

483
359

484
289

485
299

486
487

487
478

488
480

489
364

490
297

491
492

492
497

493
300

494
493

495
490

496
499

497
339

498
507

499
340

500
494

501
500

502
503

503
505

504
501

505
288

506
508

507
510

508
353

509
253

510
214

511
212

512
250

513
254

514
352

515
526

516
517

517
520

518
226

519
192

520
518

521
209

522
210

523
521

524
269

525
262

526
527

527
198

528
236

529
541

530
565

531
547

532
539

533
535

534
530

535
536

536
532

537
531

538
270

539
537

540
528

541
540

542
543

543
548

544
189

545
188

546
549

547
529

548
545

549
561

550
574

551
187

552
558

553
554

554
564

555
544

556
557

557
555

558
597

559
575

560
182

561
552

562
563

563
538

564
546

565
560

566
573

567
568

568
576

569
550

570
571

571
582

572
581

573
551

574
566

575
588

576
572

577
567

578
577

579
578

580
579

581
589

582
583

583
607

584
580

585
604

586
587

587
569

588
570

589
586

590
594

591
600

592
559

593
596

594
592

595
599

596
562

597
595

598
593

599
601

600
598

601
139

602
584

603
130

604
146

605
591

606
590

607
152

608
606

609
160

610
620

611
613

612
614

613
655

614
630

615
616

616
633

617
623

618
158

619
638

620
632

621
637

622
618

623
622

624
660

625
624

626
667

627
658

628
656

629
626

630
617

631
611

632
156

633
625

634
635

635
621

636
157

637
619

638
159

639
640

640
648

641
639

642
644

643
645

644
634

645
646

646
642

647
59

648
647

649
118

650
122

651
119

652
643

653
651

654
662

655
683

656
673

657
661

658
657

659
628

660
663

661
665

662
659

663
627

664
629

665
681

666
664

667
676

668
654

669
677

670
680

671
80

672
79

673
675

674
612

675
678

676
34

677
672

678
682

679
666

680
668

681
669

682
671

683
674

684
670

685
81

686
33

687
82

688
45

689
93

690
43

691
94

692
22

693
696

694
722

695
699

696
692

697
721

698
693

699
711

700
720

701
700

702
9

703
698

704
11

705
714

706
716

707
718

708
707

709
701

710
5

711
702

712
703

713
712

714
706

715
2

716
717

717
7

718
6

719
708

720
719

721
704

722
723

723
26

724
715

43720
