1
3

2
1

3
40

4
2

5
4

6
5

7
11

8
7

9
6

10
9

11
10

12
8

13
12

14
13

15
14

16
15

17
16

18
17

19
18

20
19

21
190

22
41

23
22

24
23

25
457

26
423

27
29

28
27

29
30

30
31

31
24

32
28

33
32

34
33

35
34

36
35

37
36

38
37

39
38

40
39

41
51

42
21

43
46

44
43

45
42

46
47

47
45

48
49

49
50

50
44

51
52

52
48

53
57

54
56

55
54

56
53

57
58

58
59

59
60

60
61

61
62

62
63

63
84

64
87

65
55

66
20

67
66

68
69

69
67

70
68

71
72

72
70

73
71

74
73

75
76

76
79

77
75

78
74

79
96

80
81

81
78

82
83

83
80

84
85

85
86

86
64

87
116

88
90

89
88

90
77

91
92

92
93

93
89

94
91

95
102

96
82

97
98

98
101

99
97

100
105

101
100

102
110

103
104

104
94

105
95

106
99

107
106

108
107

109
103

110
114

111
109

112
108

113
112

114
115

115
120

116
128

117
119

118
111

119
113

120
123

121
126

122
121

123
127

124
118

125
117

126
125

127
131

128
139

129
132

130
138

131
135

132
145

133
134

134
130

135
133

136
129

137
136

138
140

139
122

140
142

141
124

142
144

143
158

144
150

145
152

146
137

147
146

148
147

149
65

150
169

151
143

152
154

153
141

154
159

155
149

156
148

157
151

158
165

159
176

160
156

161
155

162
160

163
161

164
153

165
177

166
167

167
162

168
164

169
184

170
163

171
173

172
197

173
170

174
180

175
171

176
174

177
193

178
196

179
166

180
186

181
175

182
172

183
157

184
182

185
179

186
189

187
168

188
191

189
194

190
181

191
187

192
188

193
195

194
201

195
199

196
183

197
198

198
185

199
205

200
192

201
209

202
203

203
204

204
200

205
232

206
208

207
219

208
234

209
216

210
225

211
206

212
202

213
217

214
178

215
218

216
210

217
212

218
231

219
213

220
207

221
220

222
215

223
211

224
235

225
224

226
214

227
221

228
238

229
228

230
222

231
223

232
237

233
227

234
229

235
266

236
230

237
239

238
233

239
254

240
255

241
236

242
256

243
242

244
243

245
257

246
258

247
259

248
260

249
261

250
262

251
263

252
264

253
252

254
265

255
268

256
273

257
244

258
245

259
246

260
247

261
248

262
249

263
250

264
251

265
253

266
269

267
297

268
241

269
301

270
226

271
267

272
298

273
289

274
270

275
274

276
272

277
240

278
271

279
280

280
281

281
282

282
283

283
284

284
285

285
286

286
287

287
300

288
275

289
306

290
279

291
309

292
291

293
292

294
293

295
308

296
295

297
276

298
305

299
278

300
311

301
392

302
307

303
296

304
310

305
277

306
321

307
288

308
319

309
314

310
299

311
324

312
294

313
312

314
290

315
302

316
320

317
349

318
304

319
331

320
328

321
327

322
313

323
318

324
303

325
317

326
345

327
333

328
315

329
322

330
323

331
340

332
347

333
338

334
342

335
372

336
339

337
330

338
353

339
332

340
356

341
325

342
326

343
337

344
351

345
370

346
343

347
354

348
316

349
350

350
357

351
336

352
341

353
365

354
366

355
344

356
367

357
368

358
352

359
329

360
346

361
373

362
335

363
355

364
358

365
378

366
361

367
380

368
374

369
334

370
371

371
390

372
348

373
384

374
360

375
359

376
363

377
364

378
386

379
394

380
387

381
377

382
391

383
400

384
379

385
429

386
393

387
402

388
376

389
396

390
411

391
398

392
399

393
383

394
401

395
428

396
381

397
431

398
369

399
26

400
412

401
421

402
419

403
404

404
405

405
406

406
407

407
408

408
375

409
389

410
388

411
397

412
413

413
414

414
415

415
416

416
417

417
418

418
403

419
420

420
410

421
426

422
385

423
422

424
409

425
432

426
430

427
395

428
488

429
25

430
489

431
443

432
424

433
425

434
446

435
447

436
448

437
449

438
437

439
451

440
452

441
453

442
455

443
458

444
445

445
433

446
459

447
434

448
435

449
436

450
438

451
483

452
439

453
440

454
441

455
454

456
442

457
382

458
461

459
460

460
444

461
462

462
464

463
465

464
466

465
467

466
463

467
468

468
469

469
470

470
471

471
472

472
473

473
481

474
475

475
476

476
479

477
474

478
477

479
482

480
478

481
480

482
490

483
450

484
493

485
484

486
456

487
485

488
487

489
486

490
427

491
362

492
491

493
492

