1
4

2
1

3
2

4
5

5
6

6
7

7
79

8
34

9
11

10
9

11
3

12
10

13
12

14
18

15
22

16
15

17
21

18
17

19
14

20
19

21
29

22
25

23
20

24
26

25
13

26
470

27
28

28
31

29
16

30
23

31
30

32
27

33
36

34
33

35
39

36
37

37
40

38
32

39
43

40
42

41
53

42
46

43
47

44
48

45
50

46
45

47
38

48
62

49
56

50
55

51
41

52
471

53
49

54
8

55
51

56
70

57
63

58
66

59
44

60
58

61
54

62
67

63
52

64
69

65
61

66
73

67
72

68
57

69
74

70
60

71
59

72
81

73
86

74
78

75
64

76
82

77
84

78
85

79
80

80
65

81
76

82
83

83
77

84
90

85
116

86
104

87
105

88
96

89
88

90
95

91
71

92
98

93
87

94
75

95
109

96
110

97
101

98
99

99
94

100
93

101
108

102
117

103
92

104
120

105
91

106
122

107
123

108
112

109
89

110
145

111
97

112
107

113
106

114
100

115
103

116
141

117
131

118
142

119
115

120
114

121
140

122
151

123
113

124
111

125
506

126
136

127
505

128
125

129
130

130
139

131
129

132
118

133
102

134
137

135
124

136
153

137
127

138
156

139
132

140
149

141
133

142
164

143
138

144
152

145
146

146
128

147
135

148
121

149
162

150
148

151
144

152
168

153
176

154
159

155
150

156
169

157
165

158
119

159
167

160
511

161
175

162
171

163
143

164
157

165
163

166
188

167
180

168
154

169
166

170
158

171
172

172
170

173
191

174
184

175
190

176
189

177
147

178
155

179
173

180
185

181
187

182
181

183
160

184
195

185
178

186
179

187
192

188
182

189
193

190
183

191
197

192
196

193
177

194
161

195
201

196
186

197
211

198
199

199
200

200
210

201
202

202
203

203
214

204
194

205
216

206
204

207
198

208
225

209
208

210
218

211
236

212
206

213
217

214
213

215
209

216
226

217
223

218
241

219
207

220
215

221
231

222
228

223
246

224
256

225
227

226
237

227
243

228
220

229
224

230
247

231
240

232
238

233
222

234
245

235
219

236
232

237
249

238
270

239
221

240
254

241
205

242
233

243
251

244
229

245
212

246
266

247
258

248
261

249
276

250
234

251
244

252
248

253
269

254
235

255
242

256
260

257
275

258
582

259
581

260
285

261
255

262
272

263
239

264
262

265
264

266
274

267
259

268
257

269
252

270
290

271
253

272
291

273
250

274
281

275
284

276
288

277
271

278
273

279
286

280
593

281
267

282
279

283
268

284
287

285
292

286
283

287
314

288
293

289
265

290
263

291
299

292
278

293
295

294
289

295
326

296
302

297
303

298
297

299
308

300
294

301
277

302
282

303
296

304
300

305
312

306
305

307
298

308
318

309
343

310
309

311
301

312
328

313
306

314
329

315
316

316
317

317
330

318
323

319
313

320
331

321
311

322
310

323
342

324
304

325
324

326
322

327
321

328
351

329
315

330
333

331
332

332
361

333
339

334
319

335
325

336
341

337
320

338
599

339
345

340
367

341
347

342
346

343
349

344
337

345
354

346
348

347
335

348
391

349
350

350
365

351
327

352
358

353
360

354
363

355
344

356
357

357
338

358
334

359
352

360
340

361
356

362
336

363
368

364
353

365
371

366
378

367
369

368
383

369
375

370
366

371
389

372
400

373
362

374
359

375
377

376
355

377
380

378
387

379
374

380
385

381
376

382
384

383
393

384
381

385
395

386
397

387
402

388
370

389
398

390
401

391
372

392
373

393
364

394
382

395
404

396
386

397
379

398
390

399
392

400
417

401
405

402
406

403
396

404
408

405
416

406
415

407
403

408
413

409
427

410
421

411
420

412
429

413
434

414
407

415
424

416
399

417
410

418
412

419
394

420
426

421
439

422
423

423
437

424
433

425
411

426
414

427
428

428
625

429
419

430
418

431
388

432
425

433
432

434
435

435
430

436
431

437
436

438
440

439
438

440
422

441
24

442
441

443
447

444
442

445
446

446
444

447
448

448
445

449
450

450
459

451
454

452
453

453
451

454
449

455
452

456
466

457
474

458
476

459
465

460
458

461
460

462
455

463
464

464
443

465
469

466
462

467
463

468
461

469
467

470
35

471
468

472
484

473
472

474
456

475
477

476
457

477
478

478
479

479
480

480
482

481
486

482
481

483
473

484
68

485
515

486
483

487
491

488
485

489
488

490
493

491
494

492
487

493
500

494
489

495
492

496
490

497
498

498
495

499
497

500
503

501
508

502
501

503
504

504
502

505
507

506
499

507
126

508
134

509
510

510
529

511
509

512
174

513
496

514
513

515
516

516
519

517
514

518
517

519
518

520
521

521
475

522
520

523
526

524
534

525
523

526
527

527
528

528
522

529
560

530
524

531
525

532
530

533
532

534
531

535
536

536
533

537
535

538
537

539
538

540
539

541
540

542
541

543
542

544
543

545
548

546
545

547
546

548
549

549
544

550
551

551
558

552
550

553
547

554
559

555
554

556
555

557
552

558
556

559
561

560
557

561
565

562
629

563
562

564
567

565
566

566
564

567
571

568
512

569
563

570
569

571
568

572
570

573
572

574
578

575
574

576
657

577
586

578
577

579
575

580
576

581
230

582
587

583
579

584
583

585
584

586
580

587
590

588
589

589
585

590
280

591
588

592
597

593
307

594
591

595
603

596
592

597
598

598
595

599
601

600
594

601
602

602
596

603
609

604
600

605
604

606
607

607
608

608
611

609
606

610
605

611
614

612
610

613
612

614
616

615
613

616
617

617
618

618
619

619
621

620
624

621
623

622
615

623
409

624
622

625
626

626
620

627
573

628
627

629
553

630
631

631
651

632
630

633
632

634
633

635
636

636
634

637
635

638
637

639
638

640
639

641
640

642
641

643
642

644
643

645
644

646
647

647
645

648
646

649
648

650
649

651
652

652
628

653
650

654
653

655
654

656
655

657
656

