1
2

2
6

3
1

4
5

5
111

6
7

7
10

8
3

9
8

10
11

11
15

12
19

13
14

14
9

15
103

16
17

17
18

18
25

19
24

20
12

21
22

22
29

23
20

24
27

25
26

26
37

27
16

28
23

29
30

30
31

31
32

32
33

33
28

34
137

35
34

36
104

37
36

38
39

39
35

40
316

41
42

42
43

43
46

44
41

45
48

46
52

47
44

48
50

49
45

50
55

51
47

52
53

53
58

54
51

55
56

56
59

57
54

58
62

59
105

60
164

61
60

62
63

63
70

64
67

65
61

66
65

67
68

68
71

69
74

70
69

71
78

72
64

73
79

74
75

75
81

76
73

77
72

78
82

79
77

80
76

81
90

82
83

83
84

84
85

85
91

86
80

87
88

88
66

89
86

90
89

91
92

92
96

93
98

94
100

95
94

96
97

97
101

98
99

99
95

100
207

101
102

102
93

103
21

104
40

105
57

106
107

107
4

108
106

109
110

110
220

111
112

112
115

113
108

114
113

115
116

116
13

117
125

118
119

119
239

120
117

121
122

122
114

123
121

124
131

125
128

126
208

127
126

128
133

129
124

130
123

131
130

132
129

133
138

134
127

135
134

136
135

137
136

138
132

139
140

140
143

141
147

142
141

143
144

144
142

145
38

146
148

147
146

148
151

149
209

150
153

151
157

152
149

153
155

154
145

155
160

156
152

157
158

158
163

159
156

160
161

161
154

162
159

163
162

164
210

165
269

166
165

167
168

168
169

169
172

170
166

171
170

172
173

173
176

174
175

175
171

176
177

177
182

178
181

179
174

180
179

181
185

182
184

183
187

184
178

185
186

186
180

187
188

188
190

189
183

190
87

191
189

192
193

193
199

194
191

195
194

196
198

197
196

198
203

199
200

200
205

201
197

202
201

203
204

204
195

205
312

206
202

207
206

208
120

209
150

210
167

211
212

212
216

213
211

214
215

215
219

216
217

217
109

218
213

219
218

220
221

221
118

222
230

223
214

224
223

225
222

226
227

227
228

228
235

229
226

230
233

231
313

232
231

233
238

234
229

235
236

236
247

237
234

238
237

239
232

240
241

241
242

242
139

243
240

244
224

245
244

246
243

247
246

248
245

249
248

250
314

251
252

252
253

253
256

254
257

255
259

256
262

257
251

258
255

259
250

260
258

261
264

262
263

263
268

264
267

265
260

266
265

267
315

268
261

269
266

270
318

271
270

272
273

273
280

274
277

275
271

276
275

277
278

278
281

279
284

280
279

281
288

282
274

283
286

284
285

285
291

286
290

287
282

288
292

289
287

290
296

291
283

292
293

293
295

294
289

295
192

296
294

297
276

298
297

299
300

300
308

301
303

302
301

303
299

304
298

305
304

306
302

307
306

308
309

309
310

310
305

311
307

312
311

313
225

314
254

315
272

316
317

317
49

318
249

