1
3

2
52

3
2

4
1

5
45

6
4

7
6

8
7

9
8

10
9

11
10

12
40

13
12

14
13

15
14

16
15

17
16

18
20

19
18

20
21

21
22

22
24

23
25

24
23

25
64

26
27

27
28

28
29

29
30

30
31

31
32

32
62

33
17

34
33

35
57

36
35

37
36

38
37

39
38

40
41

41
11

42
39

43
44

44
42

45
43

46
5

47
49

48
47

49
46

50
48

51
50

52
51

53
83

54
53

55
54

56
55

57
79

58
34

59
77

60
59

61
60

62
75

63
26

64
74

65
66

66
71

67
19

68
67

69
68

70
69

71
91

72
65

73
63

74
73

75
76

76
61

77
87

78
58

79
80

80
81

81
82

82
56

83
84

84
85

85
149

86
78

87
86

88
72

89
88

90
89

91
70

92
102

93
92

94
93

95
100

96
95

97
96

98
97

99
98

100
101

101
94

102
103

103
113

104
90

105
104

106
105

107
106

108
107

109
108

110
109

111
110

112
111

113
114

114
115

115
117

116
141

117
120

118
116

119
118

120
122

121
119

122
121

123
125

124
123

125
128

126
124

127
126

128
99

129
127

130
129

131
130

132
131

133
132

134
162

135
134

136
135

137
136

138
137

139
138

140
139

141
140

142
152

143
151

144
146

145
148

146
112

147
144

148
147

149
186

150
184

151
150

152
143

153
142

154
153

155
154

156
155

157
156

158
157

159
158

160
159

161
160

162
161

163
164

164
165

165
167

166
163

167
133

168
169

169
166

170
168

171
170

172
171

173
172

174
173

175
204

176
175

177
176

178
177

179
178

180
179

181
180

182
181

183
182

184
192

185
145

186
226

187
188

188
189

189
225

190
185

191
223

192
191

193
183

194
193

195
194

196
195

197
196

198
216

199
198

200
199

201
200

202
201

203
202

204
174

205
203

206
205

207
206

208
207

209
208

210
250

211
210

212
211

213
212

214
213

215
214

216
197

217
241

218
217

219
238

220
219

221
220

222
221

223
224

224
190

225
231

226
227

227
439

228
229

229
282

230
187

231
232

232
280

233
234

234
235

235
236

236
237

237
222

238
239

239
240

240
218

241
242

242
263

243
215

244
243

245
244

246
245

247
246

248
247

249
248

250
251

251
209

252
253

253
249

254
255

255
252

256
316

257
256

258
257

259
258

260
259

261
260

262
261

263
262

264
265

265
266

266
267

267
268

268
269

269
270

270
271

271
272

272
233

273
301

274
273

275
274

276
275

277
276

278
277

279
278

280
285

281
230

282
281

283
228

284
283

285
286

286
287

287
340

288
289

289
290

290
291

291
292

292
293

293
359

294
279

295
294

296
295

297
296

298
297

299
298

300
299

301
302

302
303

303
330

304
305

305
306

306
328

307
264

308
307

309
308

310
309

311
310

312
311

313
312

314
313

315
314

316
254

317
315

318
317

319
318

320
319

321
320

322
321

323
322

324
323

325
324

326
325

327
326

328
327

329
304

330
332

331
329

332
331

333
300

334
333

335
334

336
335

337
336

338
337

339
338

340
288

341
342

342
343

343
344

344
284

345
346

346
348

347
345

348
377

349
347

350
349

351
350

352
353

353
351

354
352

355
354

356
355

357
358

358
356

359
357

360
339

361
370

362
361

363
362

364
363

365
364

366
365

367
366

368
367

369
368

370
360

371
373

372
371

373
381

374
341

375
374

376
380

377
376

378
369

379
389

380
379

381
375

382
383

383
372

384
382

385
378

386
385

387
386

388
387

389
390

390
414

391
396

392
391

393
395

394
384

395
394

396
397

397
398

398
393

399
392

400
401

401
388

402
400

403
408

404
402

405
404

406
399

407
406

408
409

409
411

410
425

411
410

412
413

413
407

414
421

415
416

416
431

417
405

418
417

419
415

420
419

421
420

422
423

423
412

424
427

425
426

426
424

427
430

428
418

429
428

430
433

431
429

432
422

433
432

434
403

435
436

436
437

437
438

438
434

439
435

