1
2

2
3

3
26

4
6

5
4

6
7

7
8

8
30

9
10

10
11

11
34

12
14

13
12

14
15

15
39

16
17

17
18

18
40

19
43

20
21

21
22

22
23

23
46

24
25

25
1

26
27

27
5

28
49

29
28

30
53

31
32

32
33

33
9

34
35

35
13

36
59

37
36

38
37

39
16

40
41

41
42

42
19

43
20

44
69

45
44

46
45

47
71

48
24

49
48

50
52

51
50

52
29

53
31

54
77

55
54

56
55

57
56

58
57

59
58

60
61

61
38

62
86

63
62

64
63

65
64

66
65

67
66

68
67

69
92

70
47

71
72

72
73

73
96

74
51

75
97

76
75

77
76

78
79

79
80

80
81

81
104

82
60

83
82

84
83

85
84

86
87

87
110

88
89

89
90

90
113

91
114

92
68

93
70

94
93

95
94

96
74

97
98

98
99

99
123

100
78

101
100

102
101

103
102

104
106

105
129

106
105

107
85

108
131

109
108

110
88

111
134

112
111

113
91

114
115

115
138

116
95

117
116

118
117

119
144

120
119

121
120

122
121

123
124

124
147

125
126

126
103

127
150

128
151

129
107

130
128

131
132

132
133

133
155

134
109

135
112

136
135

137
159

138
161

139
142

140
139

141
118

142
141

143
164

144
143

145
168

146
122

147
146

148
125

149
148

150
173

151
127

152
153

153
130

154
178

155
156

156
154

157
180

158
136

159
158

160
137

161
160

162
163

163
140

164
165

165
166

166
167

167
145

168
169

169
170

170
171

171
194

172
149

173
172

174
152

175
174

176
175

177
176

178
157

179
203

180
179

181
182

182
183

183
184

184
207

185
162

186
187

187
188

188
185

189
212

190
189

191
190

192
191

193
192

194
195

195
217

196
197

197
221

198
199

199
200

200
222

201
177

202
201

203
202

204
181

205
204

206
229

207
206

208
209

209
186

210
233

211
210

212
211

213
236

214
215

215
216

216
193

217
218

218
241

219
196

220
219

221
198

222
224

223
246

224
225

225
226

226
227

227
249

228
205

229
230

230
253

231
232

232
256

233
208

234
235

235
213

236
237

237
214

238
260

239
238

240
239

241
242

242
265

243
220

244
243

245
244

246
269

247
223

248
247

249
248

250
251

251
228

252
274

253
252

254
231

255
254

256
234

257
280

258
257

259
258

260
261

261
283

262
263

263
264

264
240

265
266

266
267

267
245

268
292

269
268

270
271

271
272

272
250

273
295

274
275

275
276

276
299

277
255

278
277

279
278

280
279

281
282

282
259

283
284

284
285

285
306

286
262

287
286

288
287

289
288

290
289

291
290

292
270

293
316

294
293

295
294

296
297

297
273

298
321

299
298

300
301

301
302

302
303

303
304

304
305

305
328

306
281

307
308

308
331

309
310

310
311

311
312

312
334

313
336

314
291

315
314

316
315

317
318

318
296

319
343

320
319

321
322

322
345

323
324

324
325

325
300

326
349

327
326

328
329

329
330

330
307

331
332

332
309

333
355

334
335

335
313

336
337

337
338

338
362

339
317

340
339

341
340

342
366

343
342

344
320

345
344

346
323

347
346

348
347

349
348

350
327

351
350

352
351

353
352

354
378

355
354

356
333

357
356

358
357

359
381

360
359

361
385

362
361

363
364

364
365

365
341

366
368

367
390

368
367

369
370

370
371

371
393

372
373

373
374

374
375

375
376

376
353

377
401

378
377

379
358

380
379

381
380

382
384

383
360

384
383

385
386

386
363

387
409

388
410

389
412

390
391

391
413

392
369

393
394

394
395

395
372

396
419

397
396

398
397

399
398

400
399

401
400

402
403

403
404

404
405

405
382

406
429

407
406

408
407

409
408

410
387

411
388

412
411

413
389

414
437

415
416

416
417

417
418

418
392

419
441

420
421

421
422

422
423

423
424

424
425

425
426

426
402

427
449

428
427

429
428

430
431

431
432

432
433

433
434

434
435

435
436

436
414

437
460

438
415

439
438

440
439

441
442

442
443

443
467

444
420

445
444

446
468

447
446

448
447

449
450

450
451

451
473

452
430

453
476

454
453

455
454

456
455

457
456

458
482

459
458

460
459

461
462

462
463

463
486

464
440

465
464

466
490

467
466

468
445

469
470

470
494

471
448

472
471

473
472

474
475

475
452

476
477

477
478

478
500

479
457

480
479

481
480

482
483

483
506

484
461

485
484

486
487

487
509

488
465

489
488

490
491

491
492

492
514

493
469

494
495

495
496

496
519

497
474

498
497

499
498

500
501

501
502

502
503

503
524

504
505

505
481

506
529

507
485

508
510

509
508

510
511

511
512

512
489

513
537

514
516

515
513

516
493

517
539

518
541

519
520

520
518

521
499

522
521

523
522

524
523

525
526

526
504

527
549

528
527

529
528

530
507

531
530

532
531

533
532

534
557

535
534

536
560

537
536

538
515

539
562

540
517

541
542

542
543

543
544

544
546

545
568

546
545

547
548

548
525

549
550

550
552

551
574

552
575

553
554

554
533

555
553

556
555

557
558

558
556

559
535

560
559

561
538

562
561

563
540

564
563

565
564

566
565

567
566

568
547

569
567

570
569

571
570

572
571

573
572

574
573

575
551

