1
15

2
23

3
10

4
34

5
3

6
13

7
2

8
30

9
12

10
9

11
4

12
33

13
11

14
22

15
25

16
26

17
1

18
7

19
5

20
8

21
16

22
35

23
17

24
60

25
37

26
32

27
21

28
24

29
39

30
19

31
36

32
14

33
29

34
28

35
31

36
20

37
45

38
40

39
63

40
6

41
18

42
51

43
38

44
27

45
57

46
41

47
65

48
64

49
56

50
62

51
69

52
49

53
47

54
42

55
44

56
88

57
52

58
53

59
61

60
55

61
68

62
54

63
58

64
71

65
46

66
43

67
81

68
50

69
78

70
67

71
59

72
82

73
75

74
77

75
66

76
98

77
48

78
90

79
84

80
70

81
94

82
86

83
76

84
87

85
99

86
85

87
96

88
97

89
74

90
93

91
73

92
72

93
103

94
83

95
89

96
91

97
100

98
95

99
102

100
80

101
79

102
105

103
92

104
113

105
108

106
101

107
111

108
112

109
106

110
123

111
136

112
116

113
119

114
109

115
110

116
133

117
125

118
126

119
114

120
107

121
124

122
142

123
117

124
150

125
146

126
121

127
115

128
138

129
130

130
141

131
104

132
131

133
137

134
122

135
134

136
153

137
143

138
118

139
147

140
128

141
154

142
148

143
152

144
129

145
166

146
139

147
155

148
145

149
135

150
144

151
120

152
161

153
127

154
167

155
160

156
151

157
169

158
132

159
183

160
175

161
187

162
156

163
140

164
157

165
164

166
158

167
159

168
170

169
163

170
177

171
149

172
185

173
165

174
168

175
196

176
200

177
181

178
174

179
176

180
172

181
194

182
173

183
188

184
162

185
215

186
180

187
202

188
201

189
203

190
182

191
189

192
178

193
171

194
214

195
205

196
195

197
191

198
179

199
193

200
190

201
197

202
208

203
220

204
184

205
186

206
217

207
192

208
204

209
211

210
209

211
212

212
206

213
210

214
218

215
216

216
236

217
232

218
199

219
253

220
241

221
213

222
227

223
207

224
198

225
219

226
221

227
249

228
229

229
244

230
231

231
222

232
233

233
225

234
238

235
266

236
242

237
226

238
247

239
230

240
224

241
228

242
235

243
268

244
260

245
261

246
239

247
223

248
273

249
248

250
259

251
262

252
245

253
251

254
234

255
246

256
243

257
237

258
240

259
290

260
263

261
279

262
275

263
271

264
265

265
280

266
270

267
256

268
258

269
250

270
305

271
272

272
252

273
278

274
286

275
287

276
255

277
276

278
274

279
284

280
285

281
269

282
257

283
282

284
298

285
254

286
299

287
301

288
283

289
277

290
300

291
267

292
281

293
316

294
289

295
311

296
264

297
296

298
309

299
306

300
307

301
312

302
294

303
292

304
297

305
313

306
291

307
293

308
310

309
324

310
288

311
322

312
318

313
302

314
304

315
314

316
325

317
335

318
295

319
317

320
308

321
303

322
321

323
327

324
320

325
332

326
354

327
319

328
356

329
315

330
326

331
342

332
350

333
345

334
331

335
344

336
330

337
349

338
337

339
323

340
338

341
329

342
362

343
352

344
328

345
372

346
339

347
333

348
340

349
334

350
347

351
348

352
363

353
346

354
351

355
341

356
359

357
355

358
366

359
343

360
336

361
378

362
361

363
384

364
381

365
353

366
371

367
357

368
373

369
374

370
377

371
397

372
370

373
383

374
398

375
360

376
365

377
393

378
379

379
369

380
375

381
386

382
358

383
364

384
395

385
368

386
380

387
382

388
385

389
392

390
387

391
411

392
405

393
408

394
367

395
423

396
399

397
389

398
412

399
413

400
414

401
390

402
400

403
388

404
394

405
376

406
404

407
401

408
409

409
410

410
391

411
418

412
427

413
406

414
415

415
403

416
402

417
419

418
417

419
441

420
424

421
396

422
438

423
429

424
430

425
407

426
433

427
440

428
421

429
436

430
426

431
439

432
416

433
422

434
437

435
431

436
445

437
459

438
443

439
420

440
447

441
435

442
479

443
425

444
428

445
452

446
432

447
454

448
434

449
456

450
474

451
442

452
453

453
458

454
451

455
460

456
457

457
467

458
466

459
446

460
449

461
444

462
461

463
455

464
476

465
450

466
485

467
469

468
478

469
470

470
464

471
468

472
499

473
463

474
480

475
465

476
448

477
473

478
498

479
481

480
489

481
471

482
472

483
477

484
482

485
484

486
492

487
497

488
475

489
487

490
462

491
483

492
495

493
488

494
505

495
518

496
494

497
496

498
502

499
511

500
491

501
500

502
509

503
490

504
510

505
521

506
517

507
501

508
486

509
525

510
503

511
526

512
508

513
515

514
493

515
529

516
504

517
512

518
519

519
513

520
514

521
507

522
524

523
516

524
520

525
528

526
533

527
522

528
537

529
535

530
506

531
539

532
545

533
548

534
530

535
536

536
541

537
553

538
523

539
561

540
531

541
542

542
558

543
527

544
532

545
567

546
538

547
540

548
560

549
546

550
549

551
534

552
547

553
559

554
551

555
550

556
564

557
552

558
565

559
544

560
568

561
569

562
554

563
566

564
563

565
570

566
578

567
574

568
576

569
579

570
577

571
543

572
589

573
572

574
583

575
571

576
596

577
556

578
587

579
562

580
586

581
573

582
592

583
602

584
600

585
555

586
594

587
591

588
557

589
610

590
599

591
584

592
616

593
581

594
611

595
582

596
580

597
598

598
590

599
588

600
601

601
614

602
585

603
607

604
606

605
575

606
593

607
621

608
595

609
603

610
618

611
626

612
597

613
612

614
630

615
604

616
637

617
619

618
639

619
613

620
608

621
628

622
609

623
620

624
638

625
623

626
624

627
634

628
617

629
615

630
633

631
605

632
629

633
653

634
641

635
625

636
622

637
647

638
640

639
631

640
665

641
644

642
632

643
635

644
657

645
627

646
636

647
670

648
671

649
661

650
642

651
646

652
648

653
654

654
662

655
645

656
663

657
649

658
656

659
652

660
655

661
684

662
650

663
643

664
673

665
672

666
651

667
664

668
667

669
666

670
676

671
679

672
683

673
693

674
668

675
660

676
674

677
658

678
659

679
685

680
691

681
675

682
677

683
697

684
669

685
706

686
695

687
682

688
678

689
700

690
680

691
681

692
698

693
727

694
703

695
699

696
687

697
704

698
722

699
721

700
710

701
689

702
694

703
715

704
725

705
709

706
690

707
713

708
702

709
688

710
686

711
714

712
711

713
692

714
717

715
696

716
708

717
728

718
705

719
720

720
707

721
726

722
739

723
716

724
741

725
738

726
740

727
701

728
751

729
712

730
723

731
730

732
736

733
719

734
747

735
718

736
745

737
733

738
734

739
743

740
748

741
746

742
724

743
732

744
729

745
735

746
731

747
769

748
755

749
750

750
763

751
752

752
756

753
744

754
737

755
754

756
742

757
768

758
776

759
757

760
758

761
772

762
749

763
770

764
782

765
760

766
762

767
753

768
779

769
778

770
780

771
767

772
765

773
774

774
766

775
771

776
759

777
773

778
761

779
777

780
781

781
764

782
783

783
775

