13 6 1
10 13 15

49 6 2
39 18 23

105 6 3
97 9 10

239 6 4
231 23 34

110 7 5
105 6 3

270 7 6
254 10 13

53 8 7
49 6 2

131 8 8
127 20 30

88 9 9
78 10 12

97 9 10
88 9 9

244 9 11
239 6 4

78 10 12
88 22 33

254 10 13
244 9 11

174 11 14
167 17 22

10 13 15
14 19 25

200 13 16
200 19 26

29 14 17
13 6 1

62 14 18
53 8 7

123 14 19
110 7 5

141 15 20
131 8 8

201 15 21
200 13 16

167 17 22
167 24 35

39 18 23
29 14 17

219 18 24
222 41 60

14 19 25
26 28 37

200 19 26
188 21 32

204 19 27
201 15 21

220 19 28
219 18 24

100 20 29
101 33 39

127 20 30
123 14 19

151 21 31
140 25 36

188 21 32
174 11 14

88 22 33
100 20 29

231 23 34
220 19 28

167 24 35
151 21 31

140 25 36
141 15 20

26 28 37
30 38 45

253 30 38
270 33 40

101 33 39
94 46 63

270 33 40
270 7 6

44 35 41
62 14 18

181 35 42
189 39 51

245 35 43
253 30 38

211 37 44
204 19 27

30 38 45
25 41 57

54 38 46
44 35 41

69 38 47
67 49 65

116 38 48
125 46 64

7 39 49
2 41 56

159 39 50
165 45 62

189 39 51
200 53 69

13 40 52
7 39 49

73 40 53
69 38 47

175 40 54
181 35 42

213 40 55
211 37 44

2 41 56
8 63 88

25 41 57
13 40 52

77 41 58
73 40 53

142 41 59
143 42 61

222 41 60
213 40 55

143 42 61
150 53 68

165 45 62
175 40 54

94 46 63
77 41 58

125 46 64
132 55 71

67 49 65
54 38 46

237 49 66
245 35 43

46 51 67
51 59 81

150 53 68
159 39 50

200 53 69
207 58 78

38 55 70
46 51 67

132 55 71
142 41 59

179 55 72
163 59 82

228 55 73
243 56 75

107 56 74
113 57 77

243 56 75
237 49 66

82 57 76
84 69 98

113 57 77
116 38 48

207 58 78
208 63 90

261 58 79
255 60 84

37 59 80
38 55 70

51 59 81
68 66 94

163 59 82
154 62 86

71 60 83
82 57 76

255 60 84
248 62 87

140 62 85
138 70 99

154 62 86
140 62 85

248 62 87
232 68 96

8 63 88
24 69 97

104 63 89
107 56 74

208 63 90
196 65 93

222 64 91
228 55 73

180 65 92
179 55 72

196 65 93
180 73 103

68 66 94
71 60 83

96 68 95
104 63 89

232 68 96
222 64 91

24 69 97
40 71 100

84 69 98
96 68 95

138 70 99
121 73 102

40 71 100
37 59 80

267 72 101
261 58 79

121 73 102
120 76 105

180 73 103
180 65 92

217 75 104
218 82 113

120 76 105
120 80 108

259 78 106
267 72 101

58 79 107
59 81 111

120 80 108
107 82 112

250 80 109
259 78 106

20 81 110
20 94 123

59 81 111
60 101 136

107 82 112
98 89 116

218 82 113
226 91 119

246 83 114
250 80 109

31 86 115
20 81 110

98 89 116
89 99 133

15 90 117
0 95 125

140 90 118
149 95 126

226 91 119
246 83 114

75 92 120
58 79 107

154 92 121
160 94 124

240 93 122
240 104 142

20 94 123
15 90 117

160 94 124
154 109 150

0 95 125
3 107 146

149 95 126
154 92 121

45 96 127
31 86 115

113 97 128
136 101 138

177 97 129
185 97 130

185 97 130
190 104 141

204 97 131
217 75 104

200 98 132
204 97 131

89 99 133
89 101 137

260 99 134
240 93 122

262 99 135
260 99 134

60 101 136
47 111 153

89 101 137
90 105 143

136 101 138
140 90 118

17 103 139
24 107 147

110 103 140
113 97 128

190 104 141
181 111 154

240 104 142
231 107 148

90 105 143
77 110 152

164 105 144
177 97 129

221 106 145
217 121 166

3 107 146
17 103 139

24 107 147
31 114 155

231 107 148
221 106 145

254 107 149
262 99 135

154 109 150
164 105 144

63 110 151
75 92 120

77 110 152
81 120 161

47 111 153
45 96 127

181 111 154
188 122 167

31 114 155
36 119 160

60 115 156
63 110 151

126 117 157
119 124 169

207 117 158
200 98 132

170 118 159
170 137 183

36 119 160
42 130 175

81 120 161
76 140 187

61 121 162
60 115 156

111 121 163
110 103 140

140 121 164
126 117 157

144 121 165
140 121 164

217 121 166
207 117 158

188 122 167
170 118 159

230 122 168
237 127 170

119 124 169
111 121 163

237 127 170
252 131 177

266 128 171
254 107 149

17 129 172
0 139 185

151 129 173
144 121 165

220 129 174
230 122 168

42 130 175
52 146 196

103 130 176
109 148 200

252 131 177
249 135 181

210 133 178
220 129 174

99 134 179
103 130 176

20 135 180
17 129 172

249 135 181
248 142 194

137 137 182
151 129 173

170 137 183
174 140 188

59 138 184
61 121 162

0 139 185
2 161 215

20 139 186
20 135 180

76 140 187
78 151 202

174 140 188
170 149 201

195 140 189
200 151 203

121 141 190
137 137 182

194 141 191
195 140 189

212 141 192
210 133 178

267 141 193
266 128 171

248 142 194
240 160 214

46 146 195
31 154 205

52 146 196
46 146 195

182 146 197
194 141 191

100 147 198
99 134 179

259 147 199
267 141 193

109 148 200
121 141 190

170 149 201
182 146 197

78 151 202
82 156 208

200 151 203
201 165 220

70 152 204
59 138 184

31 154 205
20 139 186

120 154 206
113 161 217

226 155 207
212 141 192

82 156 208
70 152 204

140 156 209
138 157 211

158 156 210
140 156 209

138 157 211
137 159 212

137 159 212
120 154 206

171 159 213
158 156 210

240 160 214
255 163 218

2 161 215
13 161 216

13 161 216
14 175 236

113 161 217
107 174 232

255 163 218
259 147 199

141 164 219
140 188 253

201 165 220
213 180 241

175 166 221
171 159 213

60 167 222
58 170 227

232 167 223
226 155 207

84 168 224
100 147 198

124 168 225
141 164 219

170 169 226
175 166 221

58 170 227
60 186 249

190 171 228
187 173 229

187 173 229
179 181 244

36 174 230
46 174 231

46 174 231
60 167 222

107 174 232
116 174 233

116 174 233
124 168 225

269 174 234
249 178 238

3 175 235
1 198 266

14 175 236
11 181 242

158 178 237
170 169 226

249 178 238
236 184 247

21 179 239
36 174 230

95 179 240
84 168 224

213 180 241
190 171 228

11 181 242
3 175 235

76 181 243
86 198 268

179 181 244
188 193 260

224 182 245
228 193 261

28 184 246
21 179 239

236 184 247
232 167 223

51 186 248
44 201 273

60 186 249
51 186 248

119 186 250
103 193 259

148 187 251
152 194 262

218 187 252
224 182 245

140 188 253
148 187 251

266 188 254
269 174 234

30 190 255
28 184 246

76 191 256
76 181 243

163 191 257
158 178 237

94 192 258
95 179 240

103 193 259
109 215 290

188 193 260
193 197 263

228 193 261
231 204 279

152 194 262
158 201 275

193 197 263
206 199 271

246 197 264
252 197 265

252 197 265
260 204 280

1 198 266
7 199 270

73 198 267
76 191 256

86 198 268
94 192 258

125 198 269
119 186 250

7 199 270
6 225 305

206 199 271
207 199 272

207 199 272
218 187 252

44 201 273
44 204 278

55 201 274
68 210 286

158 201 275
166 212 287

30 203 276
30 190 255

25 204 277
30 203 276

44 204 278
55 201 274

231 204 279
228 207 284

260 204 280
265 209 285

120 207 281
125 198 269

175 207 282
163 191 257

185 207 283
175 207 282

228 207 284
219 220 298

265 209 285
266 188 254

68 210 286
68 221 299

166 212 287
171 222 301

191 212 288
185 207 283

15 215 289
25 204 277

109 215 290
113 221 300

82 216 291
73 198 267

130 217 292
120 207 281

97 218 293
97 232 316

37 219 294
15 215 289

147 219 295
145 228 311

238 219 296
246 197 264

243 219 297
238 219 296

219 220 298
224 226 309

68 221 299
86 225 306

113 221 300
106 225 307

171 222 301
160 228 312

23 223 302
37 219 294

130 223 303
130 217 292

243 224 304
243 219 297

6 225 305
14 229 313

86 225 306
82 216 291

106 225 307
97 218 293

193 226 308
186 227 310

224 226 309
220 239 324

186 227 310
191 212 288

145 228 311
130 238 322

160 228 312
155 233 318

14 229 313
23 223 302

258 231 314
243 224 304

270 231 315
258 231 314

97 232 316
80 240 325

47 233 317
50 248 335

155 233 318
147 219 295

58 235 319
47 233 317

210 235 320
193 226 308

119 237 321
130 223 303

130 238 322
119 237 321

67 239 323
56 242 327

220 239 324
210 235 320

80 240 325
92 246 332

152 240 326
152 260 354

56 242 327
58 235 319

30 243 328
21 261 356

254 243 329
270 231 315

140 244 330
152 240 326

230 244 331
226 253 342

92 246 332
99 259 350

117 246 333
120 256 345

220 246 334
230 244 331

50 248 335
36 255 344

145 249 336
140 244 330

194 250 337
208 258 349

184 251 338
194 250 337

71 252 339
67 239 323

175 252 340
184 251 338

250 252 341
254 243 329

226 253 342
220 264 362

15 255 343
9 260 352

36 255 344
30 243 328

120 256 345
127 274 372

83 257 346
71 252 339

104 257 347
117 246 333

170 257 348
175 252 340

208 258 349
220 246 334

99 259 350
104 257 347

162 259 351
170 257 348

9 260 352
9 268 363

82 260 353
83 257 346

152 260 354
162 259 351

253 260 355
250 252 341

21 261 356
16 263 359

267 261 357
253 260 355

44 262 358
50 271 366

16 263 359
15 255 343

141 264 360
145 249 336

210 264 361
219 279 378

220 264 362
210 264 361

9 268 363
11 283 384

175 268 364
160 280 381

79 270 365
82 260 353

50 271 366
68 274 371

267 271 367
267 261 357

196 272 368
187 275 373

239 272 369
243 276 374

113 273 370
108 278 377

68 274 371
46 293 397

127 274 372
113 273 370

187 275 373
178 282 383

243 276 374
221 294 398

140 277 375
141 264 360

89 278 376
79 270 365

108 278 377
100 291 393

219 279 378
229 279 379

229 279 379
239 272 369

150 280 380
140 277 375

160 280 381
156 284 386

32 281 382
44 262 358

178 282 383
175 268 364

11 283 384
3 292 395

200 283 385
196 272 368

156 284 386
150 280 380

30 285 387
32 281 382

201 285 388
200 283 385

58 289 389
67 291 392

23 290 390
30 285 387

130 290 391
137 301 411

67 291 392
73 300 405

100 291 393
108 301 408

257 291 394
267 271 367

3 292 395
14 316 423

237 292 396
246 296 399

46 293 397
58 289 389

221 294 398
215 301 412

246 296 399
259 302 413

181 297 400
188 304 414

28 299 401
23 290 390

178 299 402
181 297 400

200 299 403
201 285 388

266 299 404
257 291 394

73 300 405
89 278 376

266 300 406
266 299 404

39 301 407
28 299 401

108 301 408
109 301 409

109 301 409
115 301 410

115 301 410
130 290 391

137 301 411
143 309 418

215 301 412
221 318 427

259 302 413
266 300 406

188 304 414
190 304 415

190 304 415
200 299 403

167 307 416
178 299 402

133 308 417
126 310 419

143 309 418
133 308 417

126 310 419
137 326 441

94 312 420
85 316 424

238 312 421
237 292 396

60 315 422
55 325 438

14 316 423
6 319 429

85 316 424
78 319 430

41 317 425
39 301 407

73 317 426
67 320 433

221 318 427
208 325 440

245 318 428
238 312 421

6 319 429
6 324 436

78 319 430
73 317 426

118 319 431
113 325 439

183 319 432
167 307 416

67 320 433
60 315 422

152 321 434
156 324 437

126 323 435
118 319 431

6 324 436
17 330 445

156 324 437
166 339 459

55 325 438
46 328 443

113 325 439
94 312 420

208 325 440
218 330 447

137 326 441
126 323 435

248 326 442
253 354 479

46 328 443
41 317 425

266 329 444
245 318 428

17 330 445
24 334 452

177 330 446
183 319 432

218 330 447
223 336 454

149 331 448
152 321 434

83 333 449
90 337 456

193 333 450
179 350 474

231 333 451
248 326 442

24 334 452
31 335 453

31 335 453
26 339 458

223 336 454
231 333 451

66 337 455
77 340 460

90 337 456
102 337 457

102 337 457
113 348 467

26 339 458
30 348 466

166 339 459
177 330 446

77 340 460
83 333 449

258 340 461
266 329 444

268 344 462
258 340 461

63 345 463
66 337 455

140 346 464
150 352 476

198 346 465
193 333 450

30 348 466
40 360 485

113 348 467
130 349 469

220 348 468
223 354 478

130 349 469
133 349 470

133 349 470
140 346 464

238 349 471
220 348 468

5 350 472
1 369 499

80 350 473
63 345 463

179 350 474
181 356 480

200 350 475
198 346 465

150 352 476
149 331 448

97 354 477
80 350 473

223 354 478
220 368 498

253 354 479
246 356 481

181 356 480
180 362 489

246 356 481
238 349 471

16 358 482
5 350 472

103 359 483
97 354 477

30 360 484
16 358 482

40 360 485
30 360 484

58 360 486
64 366 492

169 360 487
161 368 497

200 361 488
200 350 475

180 362 489
169 360 487

266 362 490
268 344 462

100 365 491
103 359 483

64 366 492
80 368 495

187 366 493
200 361 488

146 367 494
131 375 505

80 368 495
74 384 518

159 368 496
146 367 494

161 368 497
159 368 496

220 368 498
210 373 502

1 369 499
15 379 511

103 369 500
100 365 491

115 373 501
103 369 500

210 373 502
210 378 509

248 374 503
266 362 490

259 374 504
238 378 510

131 375 505
130 385 521

35 376 506
44 384 517

122 376 507
115 373 501

56 378 508
58 360 486

210 378 509
210 391 525

238 378 510
248 374 503

15 379 511
13 392 526

50 379 512
56 378 508

85 379 513
94 381 515

182 379 514
187 366 493

94 381 515
102 393 529

266 383 516
259 374 504

44 384 517
50 379 512

74 384 518
80 384 519

80 384 519
85 379 513

191 384 520
182 379 514

130 385 521
122 376 507

169 385 522
177 389 524

258 385 523
266 383 516

177 389 524
191 384 520

210 391 525
209 392 528

13 392 526
4 398 533

160 392 527
169 385 522

209 392 528
205 399 537

102 393 529
118 398 535

30 394 530
35 376 506

67 395 531
60 400 539

227 397 532
230 400 545

4 398 533
12 404 548

35 398 534
30 394 530

118 398 535
123 398 536

123 398 536
131 400 541

205 399 537
183 406 553

250 399 538
258 385 523

60 400 539
55 416 561

68 400 540
67 395 531

131 400 541
141 400 542

141 400 542
152 413 558

166 400 543
160 392 527

212 400 544
227 397 532

230 400 545
230 420 567

245 400 546
250 399 538

71 401 547
68 400 540

12 404 548
7 415 560

240 404 549
245 400 546

251 404 550
240 404 549

27 405 551
35 398 534

92 406 552
71 401 547

183 406 553
192 413 559

38 410 554
27 405 551

266 410 555
251 404 550

127 411 556
114 419 564

83 412 557
92 406 552

152 413 558
150 419 565

192 413 559
212 400 544

7 415 560
13 421 568

55 416 561
56 421 569

42 418 562
38 410 554

107 418 563
105 420 566

114 419 564
107 418 563

150 419 565
146 421 570

105 420 566
96 424 578

230 420 567
241 421 574

13 421 568
9 423 576

56 421 569
43 425 579

146 421 570
141 423 577

174 421 571
166 400 543

185 421 572
178 436 589

194 421 573
185 421 572

241 421 574
257 432 583

164 422 575
174 421 571

9 423 576
11 440 596

141 423 577
127 411 556

96 424 578
119 435 587

43 425 579
42 418 562

25 431 580
33 435 586

201 431 581
194 421 573

230 432 582
231 437 592

257 432 583
259 442 602

132 434 584
140 442 600

263 434 585
266 410 555

33 435 586
32 439 594

119 435 587
129 437 591

86 436 588
83 412 557

178 436 589
180 450 610

64 437 590
73 440 599

129 437 591
132 434 584

231 437 592
222 453 616

216 438 593
201 431 581

32 439 594
30 451 611

239 439 595
230 432 582

11 440 596
25 431 580

46 440 597
52 440 598

52 440 598
64 437 590

73 440 599
86 436 588

140 442 600
145 442 601

145 442 601
151 453 614

259 442 602
263 434 585

119 443 603
106 447 607

207 443 604
215 445 606

162 444 605
164 422 575

215 445 606
216 438 593

106 447 607
112 459 621

245 447 608
239 439 595

123 448 609
119 443 603

180 450 610
182 456 618

30 451 611
25 462 626

61 451 612
46 440 597

77 453 613
61 451 612

151 453 614
141 463 630

200 453 615
207 443 604

222 453 616
218 467 637

99 455 617
83 457 619

182 456 618
174 468 639

83 457 619
77 453 613

265 458 620
245 447 608

112 459 621
105 462 628

127 459 622
123 448 609

264 459 623
265 458 620

8 460 624
12 468 638

255 460 625
264 459 623

25 462 626
8 460 624

58 462 627
66 466 634

105 462 628
99 455 617

200 462 629
200 453 615

141 463 630
153 465 633

165 464 631
162 444 605

197 464 632
200 462 629

153 465 633
154 484 653

66 466 634
79 469 641

242 466 635
255 460 625

135 467 636
127 459 622

218 467 637
221 480 647

12 468 638
9 469 640

174 468 639
165 464 631

9 469 640
10 492 665

79 469 641
80 476 644

188 469 642
197 464 632

239 475 643
242 466 635

80 476 644
96 487 657

48 478 645
58 462 627

140 479 646
135 467 636

221 480 647
224 495 670

32 481 648
40 498 671

99 481 649
108 489 661

186 481 650
188 469 642

133 483 651
140 479 646

30 484 652
32 481 648

154 484 653
164 485 654

164 485 654
174 489 662

57 486 655
48 478 645

249 486 656
237 489 663

96 487 657
99 481 649

250 487 658
249 486 656

27 488 659
30 484 652

70 489 660
57 486 655

108 489 661
112 504 684

174 489 662
186 481 650

237 489 663
239 475 643

198 491 664
187 499 673

10 492 665
10 499 672

123 492 666
133 483 651

207 492 667
198 491 664

210 493 668
207 492 667

120 494 669
123 492 666

224 495 670
214 500 676

40 498 671
48 501 679

10 499 672
10 503 683

187 499 673
171 513 693

208 499 674
210 493 668

76 500 675
70 489 660

214 500 676
208 499 674

262 500 677
250 487 658

29 501 678
27 488 659

48 501 679
56 506 685

63 501 680
86 510 691

90 501 681
76 500 675

262 501 682
262 500 677

10 503 683
2 519 697

112 504 684
120 494 669

56 506 685
58 520 706

135 506 686
127 517 695

246 508 687
262 501 682

30 509 688
29 501 678

155 509 689
154 519 700

67 510 690
63 501 680

86 510 691
90 501 681

90 512 692
82 519 698

171 513 693
167 539 727

226 513 694
231 519 703

127 517 695
121 519 699

233 518 696
246 508 687

2 519 697
1 520 704

82 519 698
76 535 722

121 519 699
130 534 721

154 519 700
143 521 710

160 519 701
155 509 689

208 519 702
226 513 694

231 519 703
230 527 715

1 520 704
14 538 725

40 520 705
28 521 709

58 520 706
67 510 690

103 520 707
95 525 713

200 520 708
208 519 702

28 521 709
30 509 688

143 521 710
135 506 686

252 521 711
253 525 714

260 521 712
252 521 711

95 525 713
90 512 692

253 525 714
243 528 717

230 527 715
233 518 696

198 528 716
200 520 708

243 528 717
233 539 728

42 533 718
40 520 705

109 533 719
117 533 720

117 533 720
103 520 707

130 534 721
142 538 726

76 535 722
72 546 739

188 536 723
198 528 716

216 536 724
193 546 741

14 538 725
9 546 738

142 538 726
143 546 740

167 539 727
160 519 701

233 539 728
228 553 751

263 539 729
260 521 712

180 540 730
188 536 723

180 541 731
180 540 730

64 542 732
52 544 736

96 543 733
109 533 719

15 544 734
22 553 747

39 544 735
42 533 718

52 544 736
47 550 745

107 545 737
96 543 733

9 546 738
15 544 734

72 546 739
68 548 743

143 546 740
138 553 748

193 546 741
183 552 746

208 547 742
216 536 724

68 548 743
64 542 732

247 549 744
263 539 729

47 550 745
39 544 735

183 552 746
180 541 731

22 553 747
8 571 769

138 553 748
121 558 755

157 553 749
167 553 750

167 553 750
171 565 763

228 553 751
213 555 752

213 555 752
207 559 756

252 557 753
247 549 744

118 558 754
107 545 737

121 558 755
118 558 754

207 559 756
208 547 742

84 560 757
94 570 768

70 561 758
76 579 776

83 562 759
84 560 757

50 564 760
70 561 758

30 565 761
38 576 772

157 565 762
157 553 749

171 565 763
169 571 770

215 565 764
229 580 782

50 566 765
50 564 760

141 568 766
157 565 762

260 569 767
252 557 753

94 570 768
105 580 779

8 571 769
12 580 778

169 571 770
184 580 780

251 574 771
260 569 767

38 576 772
50 566 765

130 577 773
132 577 774

132 577 774
141 568 766

240 578 775
251 574 771

76 579 776
83 562 759

114 579 777
130 577 773

12 580 778
30 565 761

105 580 779
114 579 777

184 580 780
199 580 781

199 580 781
215 565 764

229 580 782
231 580 783

231 580 783
240 578 775

