1
13

2
715

3
2

4
3

5
705

6
718

7
710

8
717

9
702

10
16

11
704

12
14

13
12

14
18

15
6

16
19

17
15

18
99

19
20

20
98

21
697

22
692

23
28

24
25

25
21

26
27

27
91

28
690

29
39

30
47

31
30

32
684

33
36

34
31

35
679

36
35

37
44

38
689

39
45

40
92

41
80

42
49

43
46

44
29

45
686

46
32

47
38

48
40

49
41

50
51

51
108

52
60

53
73

54
72

55
54

56
61

57
55

58
57

59
109

60
105

61
58

62
56

63
84

64
116

65
67

66
50

67
66

68
112

69
90

70
63

71
106

72
53

73
74

74
111

75
77

76
113

77
76

78
34

79
672

80
671

81
48

82
65

83
110

84
86

85
83

86
85

87
102

88
89

89
103

90
101

91
42

92
95

93
24

94
691

95
23

96
687

97
695

98
87

99
26

100
17

101
100

102
88

103
97

104
70

105
62

106
104

107
78

108
117

109
68

110
114

111
115

112
52

113
69

114
75

115
64

116
71

117
107

118
649

119
651

120
121

121
151

122
650

123
124

124
169

125
167

126
171

127
129

128
133

129
130

130
603

131
128

132
127

133
132

134
137

135
148

136
135

137
138

138
141

139
590

140
139

141
152

142
173

143
163

144
145

145
179

146
172

147
149

148
134

149
146

150
136

151
150

152
153

153
159

154
165

155
164

156
632

157
636

158
609

159
624

160
154

161
610

162
140

163
161

164
143

165
166

166
142

167
126

168
123

169
170

170
125

171
122

172
168

173
144

174
176

175
600

176
178

177
174

178
183

179
177

180
184

181
182

182
180

183
181

184
175

185
552

186
553

187
551

188
545

189
544

190
192

191
270

192
247

193
267

194
193

195
194

196
199

197
195

198
197

199
201

200
237

201
236

202
255

203
200

204
202

205
207

206
242

207
220

208
519

209
222

210
522

211
251

212
511

213
253

214
510

215
219

216
346

217
227

218
217

219
245

220
513

221
208

222
225

223
216

224
223

225
516

226
224

227
243

228
331

229
215

230
229

231
322

232
321

233
330

234
233

235
240

236
541

237
206

238
204

239
238

240
239

241
234

242
235

243
241

244
218

245
246

246
205

247
256

248
515

249
212

250
512

251
250

252
210

253
249

254
514

255
244

256
257

257
196

258
189

259
269

260
211

261
260

262
263

263
264

264
525

265
258

266
523

267
268

268
271

269
266

270
538

271
275

272
259

273
277

274
272

275
273

276
280

277
282

278
274

279
131

280
278

281
276

282
279

283
281

284
283

285
288

286
290

287
285

288
289

289
302

290
287

291
286

292
291

293
298

294
293

295
299

296
417

297
488

298
295

299
485

300
493

301
300

302
301

303
317

304
357

305
303

306
308

307
309

308
305

309
315

310
306

311
313

312
398

313
312

314
356

315
310

316
360

317
304

318
319

319
307

320
318

321
320

322
230

323
337

324
228

325
323

326
334

327
231

328
327

329
333

330
232

331
325

332
329

333
359

334
328

335
336

336
332

337
335

338
348

339
338

340
499

341
349

342
341

343
214

344
343

345
344

346
350

347
497

348
324

349
352

350
351

351
340

352
347

353
354

354
502

355
326

356
355

357
311

358
316

359
483

360
489

361
314

362
363

363
361

364
468

365
404

366
374

367
373

368
372

369
472

370
369

371
370

372
371

373
368

374
367

375
366

376
375

377
376

378
377

379
378

380
379

381
380

382
381

383
384

384
382

385
383

386
389

387
388

388
385

389
387

390
391

391
386

392
390

393
392

394
393

395
400

396
395

397
402

398
405

399
407

400
394

401
397

402
396

403
475

404
294

405
406

406
399

407
401

408
410

409
408

410
415

411
453

412
411

413
409

414
462

415
414

416
457

417
416

418
476

419
466

420
419

421
422

422
423

423
424

424
365

425
421

426
425

427
426

428
427

429
428

430
429

431
430

432
431

433
432

434
435

435
433

436
434

437
436

438
437

439
438

440
439

441
440

442
441

443
444

444
445

445
446

446
448

447
442

448
449

449
451

450
447

451
452

452
450

453
461

454
456

455
464

456
455

457
412

458
413

459
420

460
459

461
458

462
443

463
460

464
465

465
463

466
467

467
418

468
469

469
470

470
454

471
473

472
471

473
474

474
403

475
362

476
477

477
486

478
487

479
482

480
490

481
478

482
481

483
358

484
292

485
484

486
297

487
296

488
491

489
364

490
479

491
480

492
339

493
494

494
500

495
342

496
495

497
492

498
345

499
496

500
501

501
504

502
503

503
505

504
507

505
506

506
508

507
498

508
509

509
213

510
353

511
252

512
248

513
254

514
221

515
209

516
518

517
521

518
520

519
226

520
517

521
526

522
262

523
524

524
265

525
261

526
527

527
198

528
531

529
540

530
534

531
537

532
539

533
535

534
203

535
191

536
532

537
547

538
563

539
533

540
528

541
529

542
190

543
542

544
555

545
548

546
564

547
546

548
543

549
536

550
569

551
186

552
561

553
185

554
187

555
557

556
188

557
556

558
597

559
575

560
565

561
549

562
596

563
562

564
554

565
530

566
574

567
585

568
576

569
587

570
588

571
573

572
568

573
566

574
550

575
570

576
579

577
567

578
577

579
580

580
584

581
572

582
571

583
582

584
578

585
284

586
589

587
586

588
606

589
581

590
594

591
558

592
559

593
591

594
592

595
599

596
560

597
595

598
593

599
601

600
598

601
605

602
147

603
604

604
602

605
157

606
608

607
583

608
607

609
160

610
620

611
631

612
656

613
611

614
630

615
158

616
615

617
623

618
661

619
638

620
156

621
635

622
618

623
622

624
660

625
633

626
629

627
625

628
614

629
619

630
617

631
155

632
612

633
616

634
644

635
634

636
162

637
621

638
637

639
641

640
639

641
120

642
646

643
652

644
642

645
643

646
645

647
59

648
640

649
119

650
118

651
653

652
647

653
648

654
662

655
613

656
659

657
658

658
627

659
628

660
663

661
657

662
680

663
664

664
667

665
654

666
677

667
676

668
678

669
681

670
79

671
685

672
37

673
683

674
655

675
682

676
626

677
669

678
675

679
666

680
668

681
665

682
673

683
674

684
670

685
81

686
33

687
82

688
93

689
688

690
43

691
96

692
696

693
22

694
722

695
699

696
698

697
694

698
703

699
94

700
701

701
709

702
711

703
712

704
721

705
7

706
714

707
708

708
719

709
8

710
9

711
10

712
713

713
4

714
5

715
723

716
706

717
716

718
707

719
720

720
700

721
693

722
11

723
724

724
1

