1
2

2
4

3
1

4
5

5
6

6
9

7
8

8
12

9
10

10
11

11
7

12
19

13
53

14
13

15
14

16
15

17
16

18
17

19
18

20
66

21
41

22
301

23
22

24
23

25
26

26
27

27
28

28
29

29
30

30
31

31
32

32
34

33
24

34
33

35
36

36
37

37
38

38
39

39
40

40
3

41
42

42
45

43
44

44
50

45
47

46
43

47
46

48
52

49
48

50
49

51
35

52
51

53
57

54
55

55
65

56
54

57
56

58
61

59
58

60
59

61
62

62
63

63
20

64
60

65
139

66
67

67
69

68
70

69
68

70
72

71
73

72
71

73
74

74
78

75
90

76
75

77
76

78
81

79
77

80
83

81
80

82
96

83
84

84
82

85
64

86
85

87
86

88
89

89
93

90
88

91
94

92
91

93
92

94
104

95
100

96
79

97
99

98
97

99
106

100
105

101
98

102
95

103
109

104
103

105
108

106
116

107
101

108
112

109
111

110
102

111
118

112
113

113
119

114
110

115
114

116
87

117
107

118
124

119
117

120
115

121
126

122
121

123
120

124
141

125
129

126
125

127
123

128
122

129
132

130
134

131
135

132
145

133
131

134
133

135
137

136
127

137
136

138
130

139
128

140
142

141
153

142
138

143
151

144
140

145
146

146
147

147
148

148
150

149
161

150
144

151
157

152
154

153
164

154
155

155
149

156
159

157
165

158
143

159
152

160
156

161
163

162
160

163
170

164
168

165
177

166
167

167
162

168
158

169
172

170
173

171
175

172
182

173
171

174
180

175
181

176
174

177
183

178
214

179
166

180
194

181
190

182
197

183
196

184
169

185
179

186
185

187
203

188
192

189
186

190
201

191
187

192
191

193
188

194
209

195
193

196
178

197
198

198
189

199
195

200
199

201
176

202
184

203
207

204
200

205
204

206
208

207
220

208
212

209
216

210
225

211
206

212
217

213
202

214
226

215
218

216
210

217
213

218
211

219
229

220
221

221
219

222
215

223
231

224
21

225
240

226
335

227
233

228
227

229
234

230
222

231
236

232
205

233
238

234
228

235
224

236
230

237
232

238
246

239
254

240
255

241
223

242
256

243
242

244
243

245
244

246
247

247
248

248
249

249
250

250
251

251
264

252
237

253
252

254
265

255
268

256
273

257
245

258
257

259
258

260
259

261
260

262
261

263
262

264
263

265
253

266
235

267
241

268
298

269
266

270
239

271
267

272
276

273
299

274
275

275
270

276
297

277
305

278
271

279
280

280
281

281
282

282
283

283
292

284
285

285
286

286
287

287
308

288
302

289
279

290
309

291
290

292
291

293
294

294
284

295
312

296
295

297
317

298
277

299
278

300
274

301
269

302
307

303
300

304
318

305
385

306
289

307
315

308
296

309
329

310
304

311
303

312
340

313
293

314
306

315
320

316
288

317
325

318
330

319
311

320
328

321
338

322
313

323
310

324
319

325
349

326
345

327
314

328
332

329
322

330
343

331
324

332
339

333
321

334
272

335
362

336
331

337
323

338
327

339
347

340
356

341
326

342
334

343
357

344
336

345
342

346
333

347
354

348
316

349
358

350
337

351
344

352
341

353
346

354
361

355
351

356
387

357
368

358
364

359
365

360
378

361
366

362
491

363
355

364
350

365
353

366
373

367
363

368
377

369
370

370
390

371
352

372
348

373
379

374
360

375
359

376
367

377
381

378
393

379
384

380
376

381
389

382
369

383
374

384
394

385
392

386
375

387
402

388
380

389
396

390
371

391
382

392
399

393
386

394
401

395
372

396
409

397
411

398
391

399
423

400
383

401
421

402
403

403
404

404
405

405
406

406
407

407
408

408
413

409
424

410
388

411
398

412
400

413
414

414
415

415
416

416
417

417
418

418
419

419
420

420
410

421
426

422
429

423
422

424
432

425
433

426
442

427
490

428
395

429
457

430
427

431
397

432
425

433
444

434
412

435
447

436
435

437
436

438
437

439
438

440
439

441
440

442
456

443
431

444
460

445
446

446
434

447
448

448
449

449
450

450
483

451
452

452
453

453
481

454
441

455
454

456
455

457
25

458
443

459
445

460
459

461
458

462
461

463
466

464
462

465
463

466
464

467
465

468
467

469
468

470
469

471
470

472
471

473
472

474
477

475
474

476
475

477
478

478
480

479
476

480
486

481
473

482
479

483
451

484
485

485
487

486
489

487
488

488
482

489
430

490
428

491
492

492
493

493
484

36069