1
3

2
1

3
37

4
2

5
4

6
5

7
8

8
6

9
7

10
9

11
10

12
11

13
14

14
15

15
16

16
61

17
19

18
17

19
12

20
18

21
224

22
23

23
24

24
32

25
457

26
399

27
26

28
27

29
28

30
29

31
30

32
31

33
35

34
33

35
36

36
51

37
38

38
40

39
34

40
39

41
42

42
43

43
44

44
46

45
21

46
47

47
45

48
41

49
50

50
48

51
52

52
49

53
13

54
56

55
54

56
57

57
53

58
65

59
58

60
59

61
62

62
63

63
84

64
60

65
55

66
20

67
66

68
69

69
67

70
68

71
72

72
73

73
70

74
71

75
76

76
77

77
79

78
74

79
96

80
81

81
78

82
83

83
80

84
85

85
86

86
82

87
64

88
90

89
88

90
75

91
92

92
89

93
94

94
91

95
93

96
116

97
98

98
101

99
97

100
95

101
100

102
105

103
104

104
111

105
108

106
99

107
106

108
112

109
103

110
102

111
118

112
113

113
119

114
110

115
114

116
87

117
107

118
124

119
117

120
115

121
126

122
121

123
120

124
141

125
129

126
125

127
123

128
122

129
132

130
134

131
135

132
145

133
131

134
133

135
137

136
127

137
136

138
130

139
128

140
142

141
153

142
138

143
109

144
140

145
152

146
147

147
148

148
150

149
139

150
144

151
143

152
154

153
164

154
159

155
149

156
146

157
151

158
157

159
160

160
162

161
155

162
167

163
161

164
168

165
158

166
156

167
166

168
187

169
172

170
163

171
173

172
197

173
170

174
176

175
171

176
201

177
165

178
196

179
185

180
174

181
175

182
169

183
177

184
182

185
189

186
194

187
191

188
193

189
186

190
181

191
192

192
188

193
195

194
180

195
199

196
183

197
198

198
179

199
205

200
204

201
190

202
184

203
202

204
207

205
200

206
208

207
203

208
212

209
222

210
216

211
206

212
217

213
219

214
178

215
218

216
209

217
213

218
231

219
221

220
232

221
220

222
230

223
211

224
235

225
210

226
214

227
228

228
229

229
234

230
215

231
223

232
237

233
227

234
242

235
266

236
272

237
252

238
233

239
270

240
225

241
236

242
256

243
244

244
257

245
258

246
238

247
246

248
247

249
248

250
249

251
250

252
251

253
265

254
239

255
298

256
243

257
245

258
259

259
260

260
261

261
262

262
263

263
264

264
253

265
254

266
269

267
241

268
255

269
301

270
274

271
278

272
276

273
271

274
275

275
288

276
268

277
240

278
299

279
289

280
279

281
280

282
281

283
282

284
283

285
284

286
285

287
286

288
307

289
306

290
291

291
292

292
293

293
294

294
295

295
296

296
308

297
267

298
305

299
310

300
287

301
22

302
315

303
300

304
273

305
277

306
321

307
302

308
312

309
290

310
323

311
303

312
313

313
322

314
309

315
328

316
348

317
297

318
304

319
311

320
316

321
333

322
329

323
337

324
319

325
317

326
325

327
314

328
339

329
359

330
318

331
324

332
320

333
346

334
326

335
226

336
331

337
350

338
327

339
347

340
355

341
352

342
334

343
330

344
336

345
342

346
360

347
332

348
372

349
341

350
364

351
344

352
345

353
338

354
363

355
351

356
340

357
343

358
349

359
375

360
374

361
354

362
335

363
367

364
377

365
353

366
361

367
376

368
357

369
370

370
371

371
390

372
395

373
366

374
383

375
386

376
380

377
389

378
365

379
373

380
388

381
368

382
369

383
400

384
379

385
423

386
408

387
356

388
410

389
409

390
397

391
382

392
385

393
378

394
384

395
428

396
381

397
358

398
391

399
392

400
396

401
394

402
387

403
402

404
403

405
404

406
405

407
406

408
407

409
424

410
420

411
398

412
393

413
412

414
413

415
414

416
415

417
416

418
417

419
418

420
419

421
401

422
429

423
422

424
432

425
433

426
421

427
490

428
427

429
25

430
426

431
411

432
425

433
434

434
435

435
436

436
449

437
438

438
451

439
440

440
441

441
454

442
456

443
431

444
459

445
444

446
445

447
446

448
447

449
448

450
437

451
452

452
453

453
439

454
455

455
442

456
486

457
458

458
461

459
460

460
443

461
462

462
464

463
465

464
466

465
467

466
463

467
468

468
469

469
470

470
471

471
472

472
473

473
481

474
475

475
493

476
479

477
474

478
477

479
480

480
478

481
483

482
476

483
450

484
482

485
484

486
489

487
485

488
487

489
430

490
488

491
362

492
491

493
492

36026