1
3

2
1

3
52

4
2

5
4

6
5

7
11

8
7

9
6

10
9

11
10

12
8

13
14

14
15

15
16

16
61

17
19

18
17

19
12

20
18

21
41

22
23

23
24

24
33

25
457

26
25

27
26

28
27

29
28

30
29

31
30

32
31

33
34

34
35

35
36

36
38

37
40

38
37

39
32

40
39

41
22

42
21

43
46

44
43

45
42

46
47

47
45

48
49

49
50

50
44

51
48

52
51

53
13

54
56

55
54

56
57

57
53

58
59

59
60

60
64

61
62

62
63

63
58

64
87

65
55

66
20

67
66

68
69

69
67

70
68

71
72

72
73

73
78

74
71

75
76

76
77

77
79

78
80

79
96

80
81

81
70

82
74

83
82

84
83

85
84

86
85

87
116

88
90

89
88

90
75

91
92

92
93

93
95

94
91

95
102

96
86

97
99

98
97

99
89

100
101

101
98

102
110

103
94

104
103

105
100

106
107

107
117

108
105

109
111

110
114

111
104

112
108

113
112

114
115

115
120

116
106

117
119

118
109

119
113

120
123

121
122

122
128

123
127

124
118

125
126

126
121

127
131

128
139

129
125

130
138

131
133

132
129

133
134

134
130

135
137

136
146

137
136

138
142

139
65

140
144

141
124

142
140

143
141

144
135

145
132

146
156

147
148

148
150

149
155

150
153

151
143

152
145

153
164

154
152

155
161

156
147

157
151

158
157

159
154

160
159

161
171

162
160

163
149

164
168

165
158

166
167

167
162

168
187

169
172

170
163

171
175

172
182

173
170

174
180

175
176

176
174

177
165

178
196

179
166

180
186

181
173

182
197

183
177

184
169

185
179

186
189

187
191

188
193

189
185

190
181

191
192

192
188

193
195

194
209

195
199

196
183

197
198

198
194

199
205

200
204

201
190

202
184

203
202

204
207

205
200

206
208

207
203

208
212

209
216

210
201

211
206

212
217

213
219

214
178

215
218

216
240

217
213

218
211

219
221

220
232

221
220

222
215

223
231

224
225

225
210

226
214

227
228

228
229

229
234

230
222

231
241

232
237

233
227

234
223

235
224

236
230

237
239

238
233

239
254

240
255

241
267

242
243

243
244

244
245

245
238

246
258

247
246

248
247

249
248

250
249

251
250

252
251

253
265

254
253

255
268

256
242

257
256

258
257

259
260

260
261

261
262

262
263

263
264

264
252

265
287

266
235

267
271

268
298

269
266

270
275

271
273

272
236

273
278

274
270

275
288

276
272

277
305

278
299

279
280

280
281

281
259

282
292

283
282

284
283

285
284

286
308

287
286

288
302

289
306

290
279

291
290

292
291

293
294

294
295

295
312

296
285

297
276

298
277

299
304

300
274

301
269

302
315

303
300

304
289

305
301

306
321

307
316

308
296

309
329

310
323

311
303

312
340

313
293

314
309

315
328

316
348

317
325

318
310

319
311

320
307

321
333

322
313

323
337

324
319

325
341

326
297

327
314

328
339

329
322

330
318

331
324

332
320

333
327

334
342

335
226

336
331

337
317

338
346

339
354

340
356

341
352

342
345

343
330

344
336

345
326

346
360

347
332

348
372

349
364

350
343

351
344

352
358

353
338

354
366

355
351

356
387

357
350

358
349

359
353

360
374

361
347

362
335

363
355

364
377

365
378

366
379

367
363

368
357

369
334

370
369

371
370

372
395

373
361

374
368

375
359

376
367

377
381

378
393

379
394

380
376

381
389

382
391

383
365

384
373

385
382

386
408

387
402

388
380

389
396

390
397

391
398

392
385

393
386

394
384

395
428

396
409

397
371

398
411

399
392

400
383

401
421

402
420

403
404

404
405

405
406

406
375

407
415

408
407

409
424

410
388

411
390

412
400

413
412

414
413

415
416

416
417

417
418

418
419

419
403

420
410

421
426

422
423

423
399

424
425

425
432

426
430

427
401

428
490

429
422

430
489

431
443

432
431

433
445

434
435

435
436

436
414

437
449

438
437

439
438

440
439

441
440

442
455

443
458

444
433

445
446

446
434

447
459

448
447

449
448

450
451

451
452

452
453

453
441

454
481

455
454

456
442

457
429

458
461

459
460

460
444

461
462

462
464

463
465

464
466

465
467

466
463

467
468

468
469

469
470

470
471

471
472

472
473

473
477

474
475

475
476

476
479

477
478

478
480

479
482

480
474

481
483

482
488

483
450

484
493

485
484

486
456

487
485

488
487

489
486

490
427

491
362

492
491

493
492

36157