1
2

2
3

3
4

4
5

5
6

6
7

7
79

8
10

9
11

10
9

11
12

12
13

13
25

14
18

15
1

16
15

17
16

18
17

19
14

20
19

21
29

22
21

23
24

24
441

25
22

26
27

27
28

28
31

29
41

30
23

31
32

32
38

33
34

34
8

35
470

36
33

37
36

38
35

39
43

40
37

41
51

42
40

43
47

44
39

45
46

46
64

47
56

48
62

49
30

50
45

51
55

52
48

53
49

54
42

55
50

56
70

57
472

58
60

59
44

60
53

61
54

62
67

63
57

64
69

65
61

66
58

67
72

68
63

69
74

70
86

71
59

72
81

73
66

74
78

75
94

76
82

77
68

78
85

79
65

80
117

81
76

82
101

83
95

84
77

85
75

86
73

87
100

88
89

89
90

90
84

91
71

92
103

93
87

94
99

95
109

96
88

97
83

98
92

99
98

100
121

101
108

102
80

103
115

104
120

105
91

106
105

107
113

108
112

109
96

110
145

111
97

112
107

113
123

114
93

115
119

116
102

117
129

118
142

119
104

120
114

121
140

122
106

123
144

124
111

125
128

126
507

127
136

128
110

129
131

130
139

131
138

132
118

133
116

134
137

135
124

136
126

137
508

138
143

139
132

140
149

141
133

142
164

143
130

144
154

145
146

146
153

147
135

148
150

149
162

150
122

151
159

152
147

153
161

154
151

155
148

156
141

157
165

158
166

159
167

160
511

161
175

162
171

163
191

164
157

165
163

166
188

167
168

168
152

169
156

170
172

171
170

172
205

173
169

174
184

175
194

176
189

177
224

178
155

179
173

180
178

181
187

182
181

183
160

184
195

185
180

186
179

187
192

188
182

189
193

190
183

191
197

192
196

193
177

194
212

195
201

196
186

197
211

198
199

199
200

200
218

201
202

202
203

203
214

204
190

205
158

206
204

207
198

208
215

209
185

210
207

211
236

212
176

213
206

214
581

215
209

216
222

217
213

218
241

219
210

220
208

221
235

222
233

223
217

224
229

225
227

226
216

227
243

228
220

229
225

230
247

231
221

232
238

233
242

234
245

235
219

236
232

237
226

238
270

239
240

240
231

241
289

242
248

243
251

244
256

245
257

246
223

247
258

248
252

249
237

250
234

251
244

252
253

253
228

254
262

255
249

256
260

257
268

258
587

259
274

260
285

261
295

262
272

263
239

264
254

265
264

266
246

267
259

268
283

269
261

270
290

271
269

272
291

273
292

274
281

275
273

276
255

277
271

278
250

279
282

280
267

281
298

282
266

283
286

284
275

285
305

286
279

287
284

288
276

289
294

290
263

291
299

292
278

293
288

294
300

295
293

296
302

297
303

298
297

299
308

300
304

301
277

302
320

303
296

304
265

305
306

306
313

307
593

308
318

309
310

310
322

311
312

312
301

313
319

314
287

315
333

316
315

317
316

318
323

319
328

320
331

321
311

322
326

323
336

324
325

325
335

326
350

327
321

328
334

329
314

330
339

331
332

332
356

333
330

334
358

335
309

336
342

337
317

338
357

339
345

340
329

341
324

342
346

343
349

344
337

345
354

346
362

347
341

348
391

349
365

350
343

351
327

352
359

353
340

354
363

355
344

356
361

357
307

358
352

359
374

360
364

361
355

362
348

363
368

364
353

365
371

366
370

367
360

368
383

369
367

370
351

371
389

372
400

373
347

374
379

375
369

376
381

377
375

378
366

379
397

380
377

381
384

382
394

383
393

384
382

385
380

386
395

387
378

388
387

389
398

390
399

391
372

392
373

393
385

394
427

395
404

396
386

397
411

398
423

399
392

400
417

401
390

402
433

403
396

404
408

405
401

406
402

407
403

408
413

409
623

410
421

411
415

412
429

413
434

414
407

415
406

416
405

417
410

418
412

419
376

420
426

421
439

422
416

423
437

424
432

425
420

426
414

427
428

428
409

429
419

430
418

431
388

432
425

433
424

434
435

435
430

436
431

437
436

438
440

439
438

440
422

441
26

442
444

443
442

444
447

445
20

446
445

447
448

448
446

449
450

450
443

451
454

452
453

453
451

454
449

455
452

456
455

457
474

458
457

459
462

460
468

461
460

462
461

463
467

464
463

465
459

466
471

467
469

468
466

469
465

470
464

471
52

472
484

473
483

474
456

475
478

476
458

477
476

478
479

479
480

480
477

481
482

482
488

483
492

484
473

485
515

486
481

487
486

488
489

489
494

490
485

491
487

492
495

493
490

494
500

495
498

496
493

497
491

498
499

499
497

500
505

501
496

502
501

503
502

504
503

505
127

506
125

507
506

508
504

509
134

510
509

511
510

512
174

513
529

514
513

515
516

516
519

517
514

518
517

519
518

520
521

521
475

522
520

523
526

524
534

525
523

526
527

527
528

528
522

529
560

530
524

531
525

532
530

533
532

534
531

535
536

536
533

537
535

538
537

539
538

540
539

541
540

542
541

543
542

544
550

545
543

546
547

547
545

548
553

549
548

550
551

551
555

552
544

553
629

554
549

555
556

556
558

557
552

558
567

559
554

560
557

561
566

562
565

563
562

564
559

565
561

566
564

567
571

568
512

569
563

570
569

571
568

572
570

573
572

574
578

575
574

576
657

577
584

578
577

579
575

580
576

581
230

582
583

583
579

584
585

585
586

586
588

587
582

588
589

589
595

590
599

591
580

592
597

593
280

594
591

595
592

596
590

597
598

598
603

599
601

600
594

601
607

602
596

603
612

604
600

605
604

606
602

607
611

608
338

609
606

610
605

611
608

612
613

613
620

614
609

615
610

616
614

617
616

618
617

619
618

620
625

621
619

622
615

623
621

624
622

625
626

626
624

627
573

628
655

629
630

630
631

631
652

632
546

633
632

634
633

635
634

636
635

637
638

638
639

639
640

640
636

641
637

642
641

643
642

644
643

645
644

646
647

647
645

648
646

649
648

650
653

651
650

652
651

653
649

654
628

655
656

656
627

657
654

51230