1
3

2
1

3
12

4
106

5
4

6
2

7
6

8
9

9
5

10
7

11
10

12
19

13
14

14
120

15
11

16
17

17
8

18
16

19
24

20
30

21
103

22
21

23
20

24
27

25
18

26
25

27
26

28
23

29
22

30
31

31
32

32
29

33
28

34
35

35
39

36
33

37
36

38
145

39
38

40
104

41
44

42
41

43
42

44
47

45
49

46
43

47
51

48
45

49
317

50
48

51
54

52
46

53
52

54
57

55
50

56
55

57
105

58
53

59
56

60
61

61
65

62
58

63
62

64
72

65
66

66
88

67
64

68
67

69
70

70
63

71
68

72
77

73
81

74
69

75
74

76
73

77
79

78
71

79
84

80
76

81
75

82
78

83
82

84
86

85
83

86
80

87
190

88
87

89
93

90
89

91
85

92
91

93
102

94
95

95
99

96
92

97
96

98
90

99
98

100
202

101
97

102
101

103
15

104
37

105
59

106
107

107
111

108
113

109
119

110
109

111
112

112
115

113
114

114
110

115
116

116
13

117
108

118
225

119
118

120
208

121
124

122
121

123
122

124
129

125
117

126
127

127
134

128
125

129
132

130
123

131
130

132
138

133
128

134
135

135
136

136
137

137
34

138
133

139
140

140
144

141
131

142
141

143
314

144
143

145
209

146
147

147
142

148
146

149
152

150
154

151
148

152
156

153
150

154
164

155
153

156
159

157
151

158
157

159
162

160
155

161
160

162
163

163
158

164
60

165
166

166
170

167
210

168
167

169
177

170
171

171
168

172
169

173
172

174
175

175
179

176
173

177
182

178
174

179
180

180
186

181
178

182
184

183
176

184
189

185
181

186
194

187
183

188
187

189
191

190
188

191
185

192
295

193
192

194
195

195
204

196
94

197
196

198
206

199
302

200
199

201
197

202
201

203
198

204
203

205
200

206
207

207
100

208
126

209
149

210
161

211
213

212
211

213
222

214
223

215
214

216
212

217
216

218
219

219
215

220
217

221
220

222
230

223
224

224
244

225
221

226
227

227
218

228
226

229
236

230
233

231
232

232
239

233
238

234
229

235
228

236
235

237
234

238
313

239
240

240
241

241
242

242
139

243
237

244
245

245
248

246
243

247
246

248
249

249
318

250
259

251
252

252
247

253
251

254
257

255
250

256
253

257
261

258
255

259
165

260
258

261
264

262
256

263
262

264
267

265
260

266
265

267
268

268
263

269
266

270
271

271
275

272
315

273
272

274
282

275
276

276
297

277
274

278
277

279
280

280
273

281
278

282
287

283
291

284
279

285
284

286
283

287
289

288
281

289
294

290
286

291
285

292
288

293
292

294
296

295
293

296
290

297
298

298
304

299
309

300
299

301
193

302
301

303
306

304
310

305
300

306
307

307
311

308
303

309
308

310
305

311
312

312
205

313
231

314
254

315
269

316
40

317
316

318
270

43231