1
3

2
1

3
12

4
106

5
4

6
2

7
6

8
9

9
5

10
7

11
10

12
8

13
14

14
34

15
11

16
19

17
16

18
17

19
24

20
103

21
15

22
21

23
20

24
27

25
18

26
25

27
33

28
23

29
22

30
28

31
30

32
31

33
32

34
35

35
39

36
26

37
36

38
209

39
38

40
104

41
42

42
37

43
41

44
47

45
49

46
43

47
51

48
45

49
317

50
48

51
54

52
46

53
52

54
57

55
50

56
55

57
58

58
53

59
56

60
61

61
65

62
105

63
62

64
63

65
66

66
70

67
79

68
67

69
74

70
69

71
68

72
64

73
76

74
75

75
81

76
80

77
72

78
71

79
77

80
89

81
73

82
78

83
82

84
83

85
86

86
84

87
190

88
87

89
90

90
99

91
85

92
91

93
102

94
197

95
94

96
92

97
96

98
93

99
98

100
95

101
97

102
101

103
29

104
44

105
59

106
107

107
111

108
113

109
211

110
109

111
112

112
115

113
114

114
110

115
116

116
13

117
108

118
119

119
225

120
208

121
124

122
121

123
122

124
129

125
117

126
120

127
126

128
125

129
132

130
123

131
130

132
138

133
128

134
127

135
134

136
135

137
136

138
137

139
140

140
144

141
131

142
141

143
250

144
143

145
154

146
147

147
142

148
146

149
152

150
145

151
148

152
156

153
150

154
164

155
153

156
159

157
151

158
157

159
162

160
155

161
160

162
163

163
158

164
60

165
166

166
171

167
210

168
167

169
177

170
277

171
170

172
169

173
172

174
175

175
168

176
173

177
182

178
186

179
174

180
179

181
178

182
184

183
176

184
189

185
181

186
180

187
183

188
187

189
191

190
188

191
185

192
193

193
301

194
204

195
194

196
88

197
196

198
201

199
200

200
195

201
202

202
206

203
198

204
203

205
199

206
207

207
100

208
133

209
149

210
161

211
212

212
216

213
218

214
223

215
214

216
217

217
220

218
219

219
215

220
221

221
118

222
213

223
224

224
244

225
313

226
229

227
226

228
227

229
234

230
222

231
232

232
239

233
230

234
237

235
228

236
235

237
243

238
233

239
240

240
241

241
242

242
139

243
238

244
245

245
248

246
247

247
236

248
249

249
318

250
314

251
254

252
251

253
252

254
257

255
259

256
253

257
261

258
255

259
165

260
258

261
264

262
256

263
262

264
267

265
260

266
265

267
315

268
263

269
266

270
271

271
275

272
268

273
272

274
283

275
276

276
297

277
278

278
281

279
280

280
273

281
288

282
274

283
286

284
279

285
284

286
290

287
282

288
292

289
287

290
291

291
285

292
293

293
294

294
295

295
192

296
289

297
298

298
304

299
303

300
299

301
302

302
306

303
296

304
305

305
310

306
307

307
311

308
300

309
308

310
309

311
312

312
205

313
231

314
246

315
269

316
40

317
316

318
270

42935