1
3

2
52

3
2

4
1

5
4

6
5

7
6

8
7

9
8

10
9

11
10

12
11

13
12

14
13

15
14

16
15

17
16

18
19

19
20

20
68

21
24

22
21

23
25

24
23

25
64

26
27

27
28

28
29

29
30

30
31

31
32

32
62

33
17

34
33

35
34

36
35

37
36

38
37

39
38

40
44

41
40

42
39

43
41

44
42

45
43

46
45

47
49

48
47

49
46

50
48

51
50

52
83

53
51

54
53

55
54

56
55

57
79

58
57

59
77

60
59

61
60

62
75

63
26

64
74

65
66

66
67

67
22

68
69

69
91

70
65

71
70

72
71

73
63

74
73

75
76

76
61

77
87

78
58

79
80

80
81

81
82

82
56

83
84

84
85

85
149

86
78

87
86

88
72

89
88

90
89

91
90

92
93

93
94

94
18

95
100

96
95

97
96

98
97

99
98

100
101

101
122

102
92

103
114

104
102

105
104

106
105

107
106

108
107

109
108

110
109

111
110

112
111

113
185

114
113

115
103

116
120

117
115

118
116

119
118

120
117

121
119

122
121

123
125

124
123

125
99

126
124

127
126

128
129

129
127

130
128

131
130

132
131

133
132

134
133

135
134

136
135

137
136

138
137

139
138

140
139

141
140

142
141

143
152

144
146

145
148

146
112

147
144

148
147

149
186

150
143

151
153

152
151

153
142

154
182

155
154

156
155

157
156

158
157

159
158

160
159

161
160

162
161

163
162

164
163

165
164

166
167

167
165

168
170

169
166

170
169

171
207

172
171

173
172

174
173

175
204

176
175

177
176

178
177

179
178

180
179

181
180

182
181

183
192

184
191

185
145

186
226

187
188

188
189

189
225

190
150

191
223

192
184

193
183

194
193

195
194

196
195

197
196

198
197

199
198

200
199

201
200

202
201

203
202

204
174

205
203

206
205

207
206

208
168

209
208

210
250

211
210

212
211

213
212

214
213

215
214

216
215

217
216

218
217

219
218

220
219

221
220

222
221

223
224

224
190

225
231

226
227

227
439

228
229

229
282

230
187

231
232

232
280

233
222

234
233

235
234

236
235

237
236

238
237

239
238

240
239

241
240

242
241

243
242

244
243

245
244

246
245

247
246

248
247

249
248

250
251

251
253

252
249

253
209

254
255

255
252

256
316

257
256

258
257

259
258

260
259

261
260

262
261

263
262

264
263

265
306

266
265

267
266

268
267

269
268

270
269

271
270

272
271

273
272

274
273

275
274

276
275

277
276

278
277

279
278

280
285

281
230

282
281

283
228

284
283

285
286

286
287

287
340

288
289

289
290

290
291

291
292

292
293

293
359

294
279

295
294

296
295

297
296

298
297

299
298

300
299

301
303

302
301

303
330

304
302

305
304

306
305

307
264

308
307

309
308

310
309

311
310

312
311

313
312

314
313

315
314

316
254

317
315

318
317

319
318

320
319

321
320

322
321

323
322

324
323

325
324

326
325

327
326

328
327

329
328

330
332

331
329

332
331

333
300

334
333

335
334

336
335

337
336

338
337

339
338

340
288

341
342

342
343

343
344

344
284

345
376

346
345

347
348

348
346

349
347

350
349

351
350

352
353

353
351

354
352

355
354

356
355

357
358

358
356

359
357

360
339

361
370

362
361

363
362

364
363

365
364

366
365

367
366

368
367

369
368

370
360

371
373

372
371

373
341

374
393

375
374

376
377

377
379

378
369

379
380

380
390

381
375

382
383

383
372

384
382

385
378

386
385

387
386

388
387

389
414

390
389

391
381

392
391

393
398

394
384

395
394

396
397

397
395

398
396

399
392

400
401

401
388

402
400

403
408

404
402

405
404

406
399

407
406

408
409

409
411

410
425

411
410

412
413

413
407

414
421

415
416

416
431

417
405

418
417

419
415

420
419

421
420

422
423

423
412

424
427

425
426

426
424

427
430

428
418

429
428

430
433

431
429

432
422

433
432

434
403

435
436

436
437

437
438

438
434

439
435

109335