6 18 1
5 32 24

11 0 2
6 18 1

24 6 3
11 0 2

36 13 4
24 6 3

41 19 5
36 13 4

51 5 6
41 19 5

64 9 7
51 5 6

71 15 8
64 9 7

86 1 9
99 28 33

95 1 10
86 1 9

104 18 11
95 1 10

119 14 12
120 17 13

120 17 13
113 27 35

132 8 14
119 14 12

148 13 15
132 8 14

158 20 16
163 5 17

163 5 17
148 13 15

178 11 18
177 23 41

185 20 19
182 22 42

196 19 20
191 25 43

207 19 21
196 19 20

217 9 22
207 19 21

229 11 23
217 9 22

5 32 24
12 23 25

12 23 25
28 27 26

28 27 26
31 26 27

31 26 27
45 34 28

45 34 28
55 37 29

55 37 29
57 42 52

67 23 30
71 15 8

75 34 31
69 41 53

85 35 32
75 34 31

99 28 33
85 35 32

108 21 34
104 18 11

113 27 35
108 21 34

122 40 36
131 39 37

131 39 37
141 40 38

141 40 38
146 51 61

151 28 39
158 20 16

166 27 40
151 28 39

177 23 41
166 27 40

182 22 42
178 11 18

191 25 43
185 20 19

203 32 44
211 28 45

211 28 45
224 24 46

224 24 46
229 11 23

1 55 47
1 71 70

18 42 48
1 55 47

26 50 49
18 42 48

38 49 50
42 60 51

42 60 51
42 65 74

57 42 52
38 49 50

69 41 53
67 23 30

79 55 54
85 52 55

85 52 55
95 48 56

95 48 56
102 43 57

102 43 57
114 42 58

114 42 58
121 45 59

121 45 59
122 40 36

135 55 60
125 65 82

146 51 61
159 47 62

159 47 62
161 49 63

161 49 63
171 48 64

171 48 64
175 64 87

181 52 65
194 52 66

194 52 66
202 68 90

208 50 67
203 32 44

214 52 68
208 50 67

223 46 69
214 52 68

1 71 70
14 73 71

14 73 71
8 83 93

25 61 72
26 50 49

35 63 73
25 61 72

42 65 74
35 63 73

54 79 75
65 69 76

65 69 76
73 69 77

73 69 77
81 70 78

81 70 78
78 84 100

98 66 79
79 55 54

105 60 80
98 66 79

115 77 81
132 87 106

125 65 82
105 60 80

135 71 83
135 55 60

143 77 84
135 71 83

151 77 85
143 77 84

162 65 86
151 77 85

175 64 87
181 52 65

187 74 88
198 89 112

197 67 89
187 74 88

202 68 90
197 67 89

215 78 91
225 62 92

225 62 92
223 46 69

8 83 93
16 89 94

16 89 94
34 85 96

20 99 95
12 102 117

34 85 96
47 86 97

47 86 97
56 86 98

56 86 98
54 79 75

67 92 99
48 104 120

78 84 100
84 95 101

84 95 101
72 100 123

99 93 102
115 92 104

101 97 103
99 93 102

115 92 104
115 77 81

127 97 105
136 104 129

132 87 106
127 97 105

149 95 107
142 120 130

156 100 108
164 95 109

164 95 109
171 81 110

171 81 110
162 65 86

189 100 111
184 101 134

198 89 112
189 100 111

208 81 113
215 78 91

216 92 114
208 81 113

229 86 115
216 92 114

1 100 116
6 127 139

12 102 117
1 100 116

22 113 118
20 99 95

37 103 119
22 121 141

48 104 120
37 103 119

56 113 121
68 119 122

68 119 122
81 110 124

72 100 123
67 92 99

81 110 124
80 126 146

98 107 125
103 103 126

103 103 126
101 97 103

112 120 127
108 130 149

130 120 128
112 120 127

136 104 129
149 95 107

142 120 130
136 133 152

157 106 131
156 100 108

164 112 132
157 106 131

174 119 133
164 112 132

184 101 134
198 115 135

198 115 135
202 115 136

202 115 136
199 124 158

212 118 137
217 128 160

229 101 138
229 86 115

6 127 139
12 140 140

12 140 140
8 148 162

22 121 141
22 113 118

31 132 142
41 132 143

41 132 143
53 124 144

53 124 144
56 113 121

62 136 145
54 144 167

80 126 146
84 123 147

84 123 147
98 126 148

98 126 148
98 107 125

108 130 149
115 134 150

115 134 150
115 142 173

128 125 151
130 120 128

136 133 152
128 125 151

145 134 153
152 131 154

152 131 154
163 142 178

167 127 155
174 119 133

171 135 156
167 127 155

184 139 157
171 135 156

199 124 158
202 127 159

202 127 159
212 118 137

217 128 160
225 121 161

225 121 161
229 101 138

8 148 162
3 166 185

16 148 163
27 149 164

27 149 164
31 132 142

37 155 165
33 171 188

42 150 166
37 155 165

54 144 167
42 150 166

65 145 168
62 136 145

75 142 169
65 145 168

82 144 170
75 142 169

91 151 171
82 144 170

101 143 172
91 151 171

115 142 173
101 143 172

127 157 174
139 157 175

139 157 175
147 159 176

147 159 176
155 159 177

155 159 177
145 134 153

163 142 178
166 165 201

177 154 179
183 149 180

183 149 180
199 157 181

199 157 181
199 166 204

201 145 182
184 139 157

218 144 183
201 145 182

228 158 184
218 144 183

3 166 185
16 148 163

18 178 186
15 183 209

29 172 187
18 178 186

33 171 188
29 172 187

43 173 189
52 168 190

52 168 190
68 175 191

68 175 191
73 164 192

73 164 192
82 173 193

82 173 193
93 165 194

93 165 194
101 173 195

101 173 195
96 183 217

117 172 196
127 157 174

124 177 197
117 172 196

139 175 198
132 184 221

145 177 199
139 175 198

151 177 200
145 177 199

166 165 201
178 169 202

178 169 202
181 161 203

181 161 203
177 154 179

199 166 204
208 173 205

208 173 205
219 180 229

219 172 206
223 171 207

223 171 207
228 158 184

8 190 208
24 194 210

15 183 209
8 190 208

24 194 210
34 196 211

34 196 211
42 185 212

42 185 212
43 173 189

51 198 213
56 202 236

65 199 214
51 198 213

72 195 215
65 199 214

83 191 216
72 195 215

96 183 217
83 191 216

107 195 218
117 191 219

117 191 219
123 194 220

123 194 220
124 203 243

132 184 221
124 177 197

148 188 222
151 177 200

158 199 223
165 184 224

165 184 224
148 188 222

174 193 225
182 201 249

184 186 226
174 193 225

190 195 227
184 186 226

209 194 228
190 195 227

219 180 229
219 172 206

226 192 230
209 194 228

1 210 231
6 222 254

17 207 232
1 210 231

22 201 233
17 207 232

34 213 234
21 222 256

44 213 235
34 213 234

56 202 236
62 209 237

62 209 237
74 213 238

74 213 238
89 209 239

89 209 239
95 212 240

95 212 240
108 205 241

108 205 241
107 195 218

119 218 242
118 224 265

124 203 243
119 218 242

133 208 244
141 207 245

141 207 245
151 224 269

157 211 246
158 199 223

167 213 247
157 211 246

176 210 248
167 213 247

182 201 249
176 210 248

196 218 250
205 219 251

205 219 251
219 218 252

219 218 252
228 208 253

228 208 253
226 192 230

6 222 254
11 234 255

11 234 255
6 240 277

21 222 256
22 201 233

38 239 257
51 242 282

48 227 258
44 213 235

50 231 259
48 227 258

63 232 260
50 231 259

73 240 261
63 232 260

87 234 262
73 240 261

96 237 263
102 228 264

102 228 264
87 234 262

118 224 265
128 229 266

128 229 266
137 221 267

137 221 267
133 208 244

147 227 268
155 240 292

151 224 269
147 227 268

169 233 270
177 225 271

177 225 271
185 220 272

185 220 272
193 238 273

193 238 273
205 251 297

207 229 274
196 218 250

214 230 275
207 229 274

224 234 276
214 230 275

6 240 277
14 257 278

14 257 278
23 253 279

23 253 279
36 247 280

36 247 280
38 239 257

49 254 281
64 251 283

51 242 282
49 254 281

64 251 283
64 261 306

71 258 284
81 260 285

81 260 285
96 272 309

92 242 286
96 237 263

102 254 287
92 242 286

118 253 288
102 254 287

123 244 289
118 253 288

133 241 290
123 244 289

148 254 291
149 261 314

155 240 292
169 233 270

161 250 293
148 254 291

173 257 294
161 250 293

181 254 295
173 257 294

192 256 296
181 254 295

205 251 297
204 273 320

218 254 298
229 241 299

229 241 299
224 234 276

2 277 300
22 287 325

15 275 301
2 277 300

22 267 302
15 275 301

32 274 303
22 267 302

44 269 304
32 274 303

57 278 305
44 269 304

64 261 306
71 258 284

71 273 307
71 281 330

81 278 308
71 273 307

96 272 309
102 272 310

102 272 310
115 271 311

115 271 311
120 280 312

120 280 312
122 292 335

135 278 313
133 241 290

149 261 314
158 263 315

158 263 315
163 270 316

163 270 316
163 286 339

175 273 317
185 265 318

185 265 318
192 256 296

200 276 319
203 280 343

204 273 320
200 276 319

215 263 321
218 254 298

227 265 322
215 263 321

4 300 323
9 310 346

13 293 324
4 300 323

22 287 325
13 293 324

38 297 326
41 296 327

41 296 327
41 305 350

54 286 328
57 278 305

68 296 329
54 286 328

71 281 330
68 296 329

86 288 331
81 278 308

96 285 332
86 288 331

101 296 333
96 285 332

119 292 334
101 296 333

122 292 335
119 292 334

140 293 336
135 278 313

147 300 337
140 293 336

158 290 338
147 300 337

163 286 339
158 290 338

174 294 340
175 273 317

187 298 341
174 294 340

199 290 342
208 301 366

203 280 343
199 290 342

216 281 344
227 265 322

226 288 345
216 281 344

9 310 346
17 308 347

17 308 347
24 308 348

24 308 348
31 305 349

31 305 349
38 297 326

41 305 350
52 313 351

52 313 351
54 327 374

65 315 352
72 311 353

72 311 353
87 313 354

87 313 354
93 303 355

93 303 355
104 307 356

104 307 356
112 305 357

112 305 357
122 307 358

122 307 358
135 317 359

135 317 359
145 322 383

147 313 360
157 314 361

157 314 361
163 306 362

163 306 362
177 316 363

177 316 363
179 320 386

188 306 364
187 298 341

195 302 365
188 306 364

208 301 366
195 302 365

215 313 367
221 308 368

221 308 368
226 288 345

1 338 369
9 352 392

18 331 370
24 344 394

27 324 371
18 331 370

37 338 372
27 324 371

46 332 373
37 340 395

54 327 374
46 332 373

62 337 375
71 328 376

71 328 376
65 315 352

81 338 377
85 349 400

98 325 378
81 338 377

108 322 379
98 325 378

112 327 380
108 322 379

124 329 381
112 327 380

138 338 382
124 329 381

145 322 383
147 313 360

151 337 384
138 338 382

162 324 385
151 337 384

179 320 386
162 324 385

182 340 387
185 340 410

196 335 388
199 341 411

209 340 389
213 340 413

212 324 390
215 313 367

229 333 391
212 324 390

9 352 392
17 371 416

17 341 393
1 338 369

24 344 394
17 341 393

37 340 395
37 338 372

46 357 396
56 374 420

57 348 397
62 337 375

68 351 398
57 348 397

77 352 399
68 351 398

85 349 400
96 349 401

96 349 401
109 358 402

109 358 402
112 343 403

112 343 403
122 345 404

122 345 404
131 350 405

131 350 405
143 357 406

143 357 406
151 356 407

151 356 407
163 354 408

163 354 408
176 344 409

176 344 409
182 340 387

185 340 410
196 335 388

199 341 411
203 343 412

203 343 412
209 340 389

213 340 413
191 368 434

225 357 414
229 333 391

7 376 415
4 396 438

17 371 416
22 376 417

22 376 417
7 376 415

34 362 418
41 364 419

41 364 419
46 357 396

56 374 420
62 365 421

62 365 421
82 379 423

74 362 422
77 352 399

82 379 423
74 362 422

96 379 424
96 392 447

106 370 425
96 379 424

119 370 426
106 370 425

127 376 427
119 370 426

136 372 428
127 376 427

143 368 429
136 372 428

156 375 430
143 368 429

168 365 431
156 375 430

178 370 432
168 365 431

189 366 433
178 370 432

191 368 434
189 366 433

204 376 435
213 369 436

213 369 436
226 385 460

229 367 437
225 357 414

4 396 438
17 392 439

17 392 439
29 394 440

29 394 440
39 407 464

39 380 441
34 362 418

45 391 442
39 380 441

56 398 443
61 401 467

66 390 444
56 398 443

75 394 445
66 390 444

88 400 446
78 406 468

96 392 447
102 393 448

102 393 448
108 401 471

119 382 449
126 393 450

126 393 450
135 391 451

135 391 451
128 403 473

143 397 452
156 397 453

156 397 453
158 404 476

167 396 454
171 389 455

171 389 455
186 387 456

186 387 456
193 397 457

193 397 457
189 403 479

208 399 458
204 376 435

212 399 459
208 399 458

226 385 460
229 367 437

9 419 461
2 421 484

18 409 462
9 419 461

25 407 463
18 409 462

39 407 464
41 406 465

41 406 465
45 391 442

59 414 466
67 426 490

61 401 467
59 414 466

78 406 468
75 394 445

89 418 469
94 418 470

94 418 470
88 400 446

108 401 471
117 404 472

117 404 472
119 382 449

128 403 473
136 412 474

136 412 474
147 410 475

147 410 475
143 397 452

158 404 476
167 405 477

167 405 477
167 396 454

175 419 478
166 430 500

189 403 479
175 419 478

193 419 480
202 418 481

202 418 481
211 425 505

215 407 482
212 399 459

224 416 483
215 407 482

2 421 484
11 430 485

11 430 485
1 451 507

29 421 486
25 407 463

33 439 487
29 421 486

46 432 488
43 445 511

54 438 489
46 432 488

67 426 490
57 443 512

79 423 491
89 418 469

84 433 492
79 423 491

96 435 493
92 440 516

104 427 494
96 435 493

114 432 495
104 427 494

125 435 496
114 432 495

135 422 497
125 435 496

142 431 498
135 422 497

150 430 499
142 431 498

166 430 500
150 430 499

178 437 501
181 439 502

181 439 502
191 436 503

191 436 503
193 419 480

204 438 504
198 446 526

211 425 505
204 438 504

227 439 506
224 416 483

1 451 507
16 459 508

16 459 508
7 475 530

27 449 509
33 439 487

33 451 510
27 449 509

43 445 511
33 451 510

57 443 512
54 438 489

67 458 513
77 441 514

77 441 514
84 433 492

84 454 515
85 466 538

92 440 516
84 454 515

102 460 517
113 461 541

116 451 518
126 444 519

126 444 519
134 449 520

134 449 520
147 447 521

147 447 521
154 446 522

154 446 522
143 461 544

167 444 523
177 449 524

177 449 524
178 437 501

189 451 525
181 469 548

198 446 526
189 451 525

203 455 527
213 449 528

213 449 528
221 450 529

221 450 529
227 439 506

7 475 530
9 498 553

19 480 531
23 477 532

23 477 532
33 480 533

33 480 533
33 490 556

43 474 534
54 474 535

54 474 535
69 491 559

68 472 536
67 458 513

74 464 537
68 472 536

85 466 538
74 464 537

94 475 539
106 485 563

108 470 540
102 460 517

113 461 541
116 451 518

129 470 542
136 473 543

136 473 543
136 497 566

143 461 544
129 470 542

153 478 545
156 480 568

160 470 546
167 444 523

172 479 547
165 492 569

181 469 548
172 479 547

198 460 549
203 455 527

206 464 550
198 460 549

217 478 551
206 464 550

228 473 552
217 478 551

9 498 553
16 494 554

16 494 554
24 496 555

24 496 555
19 480 531

33 490 556
51 499 558

46 481 557
43 474 534

51 499 558
46 481 557

69 491 559
71 484 560

71 484 560
85 485 561

85 485 561
93 481 562

93 481 562
94 475 539

106 485 563
117 482 564

117 482 564
121 482 565

121 482 565
108 470 540

136 497 566
143 489 567

143 489 567
153 478 545

156 480 568
160 470 546

165 492 569
176 488 570

176 488 570
183 499 571

183 499 571
192 493 572

192 493 572
201 494 573

201 494 573
212 491 574

212 491 574
226 482 575

226 482 575
228 473 552

