1
2

2
3

3
4

4
6

5
27

6
7

7
8

8
9

9
10

10
11

11
34

12
14

13
12

14
15

15
16

16
17

17
18

18
20

19
42

20
21

21
22

22
23

23
46

24
1

25
24

26
25

27
26

28
5

29
52

30
29

31
30

32
31

33
32

34
33

35
13

36
37

37
35

38
61

39
38

40
39

41
40

42
41

43
19

44
43

45
44

46
45

47
48

48
49

49
72

50
28

51
50

52
53

53
54

54
55

55
56

56
57

57
58

58
59

59
36

60
82

61
60

62
64

63
62

64
65

65
66

66
67

67
68

68
69

69
92

70
47

71
70

72
73

73
74

74
51

75
98

76
75

77
76

78
77

79
78

80
79

81
80

82
83

83
84

84
85

85
86

86
63

87
110

88
87

89
88

90
89

91
114

92
90

93
71

94
93

95
117

96
119

97
96

98
97

99
100

100
101

101
102

102
103

103
126

104
81

105
106

106
104

107
129

108
109

109
107

110
134

111
112

112
113

113
91

114
115

115
138

116
94

117
116

118
95

119
120

120
123

121
144

122
121

123
99

124
147

125
124

126
125

127
149

128
130

129
105

130
152

131
108

132
131

133
132

134
111

135
158

136
135

137
136

138
161

139
140

140
163

141
118

142
141

143
142

144
143

145
168

146
122

147
146

148
127

149
150

150
173

151
128

152
153

153
154

154
178

155
133

156
155

157
156

158
159

159
182

160
137

161
160

162
139

163
164

164
165

165
166

166
167

167
145

168
169

169
170

170
171

171
172

172
148

173
151

174
196

175
174

176
175

177
201

178
176

179
180

180
157

181
183

182
181

183
184

184
207

185
162

186
209

187
186

188
187

189
188

190
189

191
190

192
191

193
192

194
193

195
194

196
197

197
221

198
199

199
222

200
177

201
202

202
203

203
179

204
226

205
204

206
205

207
206

208
185

209
208

210
211

211
212

212
213

213
236

214
215

215
216

216
217

217
195

218
241

219
218

220
219

221
198

222
200

223
246

224
223

225
224

226
227

227
249

228
229

229
230

230
253

231
256

232
233

233
210

234
257

235
234

236
214

237
260

238
237

239
238

240
239

241
240

242
266

243
220

244
243

245
244

246
247

247
248

248
271

249
225

250
251

251
228

252
299

253
252

254
231

255
254

256
232

257
280

258
235

259
258

260
261

261
283

262
263

263
264

264
265

265
242

266
267

267
268

268
269

269
245

270
292

271
272

272
250

273
270

274
273

275
274

276
275

277
255

278
277

279
278

280
279

281
282

282
259

283
281

284
285

285
286

286
262

287
310

288
287

289
288

290
289

291
290

292
293

293
315

294
295

295
296

296
297

297
298

298
321

299
276

300
301

301
302

302
303

303
304

304
305

305
328

306
284

307
306

308
330

309
332

310
309

311
313

312
311

313
336

314
291

315
314

316
317

317
340

318
294

319
320

320
318

321
322

322
344

323
324

324
325

325
300

326
349

327
326

328
329

329
331

330
307

331
308

332
333

333
355

334
312

335
334

336
337

337
338

338
339

339
316

340
362

341
365

342
343

343
319

344
345

345
368

346
323

347
346

348
347

349
348

350
327

351
350

352
376

353
352

354
353

355
356

356
357

357
358

358
335

359
381

360
383

361
360

362
361

363
364

364
341

365
366

366
342

367
390

368
367

369
393

370
371

371
372

372
395

373
374

374
351

375
377

376
375

377
401

378
354

379
378

380
379

381
380

382
384

383
359

384
385

385
386

386
363

387
409

388
410

389
412

390
391

391
413

392
369

393
394

394
370

395
373

396
419

397
396

398
397

399
398

400
399

401
400

402
403

403
404

404
405

405
382

406
429

407
406

408
407

409
408

410
387

411
388

412
411

413
389

414
437

415
416

416
417

417
418

418
392

419
441

420
421

421
422

422
423

423
424

424
425

425
402

426
449

427
426

428
427

429
428

430
431

431
432

432
433

433
434

434
436

435
458

436
414

437
460

438
415

439
438

440
439

441
442

442
443

443
467

444
420

445
444

446
470

447
446

448
447

449
450

450
451

451
452

452
475

453
430

454
477

455
454

456
455

457
456

458
459

459
482

460
435

461
462

462
463

463
464

464
465

465
440

466
490

467
466

468
445

469
491

470
469

471
448

472
471

473
472

474
473

475
476

476
453

477
478

478
500

479
457

480
479

481
480

482
483

483
506

484
461

485
484

486
485

487
486

488
487

489
512

490
489

491
468

492
516

493
494

494
495

495
496

496
519

497
474

498
497

499
498

500
499

501
502

502
503

503
525

504
505

505
481

506
529

507
508

508
509

509
510

510
511

511
488

512
513

513
537

514
492

515
514

516
493

517
539

518
517

519
520

520
521

521
522

522
523

523
524

524
501

525
526

526
504

527
549

528
527

529
528

530
507

531
530

532
531

533
532

534
557

535
534

536
535

537
538

538
515

539
562

540
541

541
518

542
565

543
544

544
542

545
567

546
568

547
546

548
550

549
548

550
552

551
574

552
575

553
554

554
533

555
553

556
555

557
558

558
556

559
560

560
536

561
559

562
561

563
540

564
563

565
564

566
543

567
566

568
545

569
547

570
569

571
570

572
571

573
572

574
573

575
551

7079