1
15

2
23

3
10

4
34

5
3

6
13

7
2

8
5

9
12

10
9

11
4

12
18

13
11

14
22

15
25

16
26

17
1

18
7

19
8

20
36

21
16

22
31

23
17

24
27

25
37

26
32

27
21

28
24

29
39

30
19

31
20

32
51

33
29

34
28

35
14

36
30

37
45

38
40

39
63

40
6

41
46

42
54

43
38

44
55

45
57

46
65

47
53

48
59

49
56

50
35

51
42

52
49

53
58

54
62

55
60

56
88

57
52

58
33

59
61

60
43

61
68

62
50

63
74

64
48

65
47

66
73

67
41

68
86

69
44

70
81

71
64

72
92

73
91

74
77

75
66

76
83

77
89

78
93

79
84

80
70

81
67

82
72

83
94

84
87

85
71

86
82

87
75

88
97

89
95

90
78

91
90

92
103

93
69

94
107

95
98

96
114

97
100

98
76

99
85

100
80

101
79

102
99

103
129

104
96

105
102

106
101

107
111

108
105

109
106

110
117

111
120

112
108

113
104

114
109

115
110

116
140

117
125

118
138

119
113

120
152

121
126

122
119

123
147

124
121

125
146

126
118

127
115

128
112

129
144

130
132

131
145

132
131

133
116

134
122

135
134

136
153

137
133

138
157

139
123

140
128

141
130

142
149

143
137

144
150

145
148

146
139

147
155

148
142

149
135

150
124

151
136

152
161

153
127

154
141

155
160

156
151

157
169

158
178

159
167

160
175

161
156

162
184

163
143

164
165

165
173

166
158

167
154

168
174

169
190

170
168

171
177

172
185

173
159

174
166

175
162

176
163

177
181

178
192

179
176

180
172

181
194

182
164

183
201

184
196

185
215

186
180

187
202

188
183

189
191

190
182

191
197

192
207

193
171

194
170

195
205

196
195

197
188

198
179

199
193

200
198

201
210

202
208

203
189

204
187

205
186

206
200

207
223

208
224

209
211

210
213

211
212

212
219

213
221

214
218

215
216

216
235

217
206

218
238

219
253

220
203

221
226

222
204

223
214

224
243

225
217

226
237

227
222

228
220

229
228

230
231

231
227

232
233

233
225

234
199

235
236

236
239

237
209

238
247

239
242

240
232

241
252

242
266

243
256

244
229

245
241

246
230

247
261

248
273

249
248

250
259

251
262

252
272

253
251

254
234

255
246

256
268

257
275

258
240

259
258

260
244

261
245

262
257

263
260

264
265

265
254

266
270

267
249

268
267

269
250

270
277

271
263

272
271

273
278

274
286

275
287

276
255

277
276

278
274

279
264

280
297

281
269

282
283

283
288

284
279

285
280

286
299

287
282

288
308

289
305

290
281

291
306

292
303

293
307

294
302

295
292

296
284

297
304

298
309

299
291

300
290

301
312

302
289

303
300

304
331

305
313

306
293

307
316

308
310

309
296

310
301

311
295

312
318

313
343

314
315

315
285

316
332

317
294

318
311

319
317

320
298

321
322

322
330

323
339

324
320

325
323

326
336

327
319

328
335

329
314

330
326

331
342

332
325

333
321

334
324

335
327

336
354

337
349

338
337

339
346

340
338

341
329

342
334

343
356

344
328

345
333

346
353

347
345

348
340

349
361

350
347

351
348

352
363

353
350

354
360

355
341

356
359

357
355

358
344

359
352

360
375

361
362

362
378

363
384

364
351

365
371

366
358

367
357

368
373

369
374

370
377

371
389

372
370

373
383

374
396

375
380

376
365

377
393

378
379

379
369

380
381

381
386

382
366

383
364

384
395

385
368

386
416

387
382

388
385

389
392

390
401

391
372

392
405

393
376

394
367

395
390

396
399

397
387

398
412

399
413

400
415

401
423

402
400

403
388

404
394

405
422

406
404

407
397

408
409

409
410

410
419

411
391

412
403

413
406

414
432

415
414

416
402

417
418

418
411

419
417

420
408

421
398

422
438

423
429

424
420

425
407

426
430

427
447

428
421

429
436

430
424

431
439

432
446

433
426

434
448

435
431

436
445

437
434

438
443

439
457

440
427

441
435

442
428

443
425

444
442

445
452

446
474

447
451

448
441

449
460

450
440

451
454

452
453

453
458

454
468

455
433

456
449

457
456

458
466

459
437

460
473

461
462

462
444

463
455

464
476

465
450

466
482

467
469

468
478

469
470

470
464

471
481

472
499

473
477

474
480

475
465

476
459

477
483

478
471

479
461

480
489

481
503

482
472

483
491

484
485

485
508

486
463

487
497

488
475

489
487

490
479

491
500

492
486

493
488

494
505

495
492

496
494

497
496

498
502

499
511

500
515

501
467

502
509

503
510

504
490

505
521

506
484

507
501

508
512

509
525

510
498

511
526

512
517

513
495

514
493

515
529

516
504

517
534

518
519

519
513

520
514

521
507

522
524

523
516

524
520

525
528

526
533

527
522

528
537

529
535

530
506

531
518

532
545

533
548

534
554

535
536

536
541

537
544

538
550

539
540

540
531

541
542

542
556

543
527

544
532

545
549

546
538

547
569

548
551

549
546

550
555

551
530

552
557

553
572

554
562

555
523

556
564

557
547

558
575

559
553

560
576

561
539

562
579

563
566

564
563

565
558

566
578

567
582

568
560

569
561

570
565

571
543

572
589

573
559

574
567

575
571

576
596

577
570

578
552

579
586

580
568

581
573

582
592

583
574

584
577

585
583

586
594

587
591

588
613

589
610

590
599

591
584

592
595

593
581

594
580

595
608

596
611

597
598

598
590

599
588

600
614

601
600

602
585

603
587

604
606

605
601

606
593

607
621

608
616

609
603

610
618

611
626

612
597

613
619

614
633

615
604

616
637

617
607

618
639

619
617

620
602

621
628

622
609

623
620

624
638

625
623

626
624

627
612

628
649

629
615

630
636

631
605

632
629

633
630

634
627

635
625

636
622

637
647

638
640

639
631

640
665

641
634

642
632

643
635

644
641

645
655

646
653

647
670

648
645

649
657

650
642

651
646

652
648

653
654

654
662

655
660

656
663

657
661

658
656

659
652

660
680

661
669

662
650

663
643

664
673

665
672

666
651

667
664

668
667

669
666

670
676

671
706

672
683

673
693

674
668

675
681

676
674

677
658

678
659

679
671

680
685

681
644

682
677

683
697

684
707

685
679

686
684

687
682

688
678

689
701

690
675

691
698

692
691

693
689

694
687

695
686

696
703

697
704

698
722

699
695

700
710

701
700

702
724

703
694

704
725

705
709

706
690

707
713

708
702

709
688

710
721

711
696

712
711

713
692

714
712

715
717

716
708

717
714

718
705

719
720

720
699

721
755

722
739

723
716

724
715

725
738

726
727

727
750

728
751

729
744

730
723

731
730

732
736

733
719

734
747

735
718

736
745

737
733

738
734

739
743

740
726

741
746

742
741

743
732

744
728

745
735

746
731

747
769

748
740

749
762

750
749

751
764

752
742

753
729

754
737

755
754

756
752

757
768

758
776

759
757

760
758

761
772

762
763

763
770

764
756

765
760

766
748

767
753

768
779

769
778

770
780

771
767

772
765

773
774

774
766

775
771

776
759

777
773

778
761

779
777

780
781

781
782

782
783

783
775

9242