13 6 1
10 13 15

49 6 2
39 18 23

105 6 3
97 9 10

239 6 4
231 23 34

110 7 5
105 6 3

270 7 6
254 10 13

53 8 7
49 6 2

131 8 8
110 7 5

88 9 9
78 10 12

97 9 10
88 9 9

244 9 11
239 6 4

78 10 12
62 14 18

254 10 13
244 9 11

174 11 14
167 17 22

10 13 15
14 19 25

200 13 16
200 19 26

29 14 17
13 6 1

62 14 18
53 8 7

123 14 19
131 8 8

141 15 20
140 25 36

201 15 21
200 13 16

167 17 22
151 21 31

39 18 23
29 14 17

219 18 24
204 19 27

14 19 25
26 28 37

200 19 26
188 21 32

204 19 27
201 15 21

220 19 28
219 18 24

100 20 29
101 33 39

127 20 30
123 14 19

151 21 31
141 15 20

188 21 32
189 39 51

88 22 33
100 20 29

231 23 34
220 19 28

167 24 35
174 11 14

140 25 36
127 20 30

26 28 37
30 38 45

253 30 38
270 33 40

101 33 39
94 46 63

270 33 40
270 7 6

44 35 41
54 38 46

181 35 42
175 40 54

245 35 43
253 30 38

211 37 44
213 40 55

30 38 45
25 41 57

54 38 46
67 49 65

69 38 47
73 40 53

116 38 48
142 41 59

7 39 49
2 41 56

159 39 50
167 24 35

189 39 51
181 35 42

13 40 52
7 39 49

73 40 53
77 41 58

175 40 54
165 45 62

213 40 55
222 41 60

2 41 56
8 63 88

25 41 57
13 40 52

77 41 58
88 22 33

142 41 59
143 42 61

222 41 60
245 35 43

143 42 61
150 53 68

165 45 62
159 39 50

94 46 63
107 56 74

125 46 64
116 38 48

67 49 65
69 38 47

237 49 66
228 55 73

46 51 67
44 35 41

150 53 68
154 62 86

200 53 69
211 37 44

38 55 70
51 59 81

132 55 71
125 46 64

179 55 72
180 65 92

228 55 73
222 64 91

107 56 74
113 57 77

243 56 75
237 49 66

82 57 76
71 60 83

113 57 77
104 63 89

207 58 78
196 65 93

261 58 79
255 60 84

37 59 80
38 55 70

51 59 81
46 51 67

163 59 82
179 55 72

71 60 83
68 66 94

255 60 84
248 62 87

140 62 85
132 55 71

154 62 86
163 59 82

248 62 87
243 56 75

8 63 88
24 69 97

104 63 89
96 68 95

208 63 90
207 58 78

222 64 91
208 63 90

180 65 92
180 73 103

196 65 93
200 53 69

68 66 94
58 79 107

96 68 95
84 69 98

232 68 96
246 83 114

24 69 97
40 71 100

84 69 98
82 57 76

138 70 99
140 62 85

40 71 100
37 59 80

267 72 101
261 58 79

121 73 102
138 70 99

180 73 103
177 97 129

217 75 104
232 68 96

120 76 105
121 73 102

259 78 106
267 72 101

58 79 107
59 81 111

120 80 108
120 76 105

250 80 109
259 78 106

20 81 110
15 90 117

59 81 111
75 92 120

107 82 112
120 80 108

218 82 113
217 75 104

246 83 114
250 80 109

31 86 115
20 81 110

98 89 116
110 103 140

15 90 117
0 95 125

140 90 118
136 101 138

226 91 119
218 82 113

75 92 120
77 110 152

154 92 121
149 95 126

240 93 122
226 91 119

20 94 123
24 107 147

160 94 124
154 92 121

0 95 125
3 107 146

149 95 126
140 90 118

45 96 127
31 86 115

113 97 128
107 82 112

177 97 129
164 105 144

185 97 130
200 98 132

204 97 131
221 106 145

200 98 132
204 97 131

89 99 133
98 89 116

260 99 134
240 93 122

262 99 135
260 99 134

60 101 136
47 111 153

89 101 137
89 99 133

136 101 138
126 117 157

17 103 139
20 94 123

110 103 140
113 97 128

190 104 141
185 97 130

240 104 142
254 107 149

90 105 143
89 101 137

164 105 144
154 109 150

221 106 145
231 107 148

3 107 146
17 103 139

24 107 147
31 114 155

231 107 148
240 104 142

254 107 149
262 99 135

154 109 150
160 94 124

63 110 151
60 101 136

77 110 152
81 120 161

47 111 153
45 96 127

181 111 154
190 104 141

31 114 155
36 119 160

60 115 156
63 110 151

126 117 157
119 124 169

207 117 158
210 133 178

170 118 159
188 122 167

36 119 160
42 130 175

81 120 161
60 115 156

61 121 162
59 138 184

111 121 163
90 105 143

140 121 164
144 121 165

144 121 165
151 129 173

217 121 166
207 117 158

188 122 167
181 111 154

230 122 168
220 129 174

119 124 169
121 141 190

237 127 170
230 122 168

266 128 171
252 131 177

17 129 172
0 139 185

151 129 173
170 118 159

220 129 174
217 121 166

42 130 175
61 121 162

103 130 176
111 121 163

252 131 177
249 135 181

210 133 178
212 141 192

99 134 179
103 130 176

20 135 180
17 129 172

249 135 181
248 142 194

137 137 182
140 121 164

170 137 183
170 149 201

59 138 184
52 146 196

0 139 185
2 161 215

20 139 186
20 135 180

76 140 187
78 151 202

174 140 188
170 137 183

195 140 189
194 141 191

121 141 190
137 137 182

194 141 191
182 146 197

212 141 192
226 155 207

267 141 193
266 128 171

248 142 194
237 127 170

46 146 195
31 154 205

52 146 196
46 146 195

182 146 197
174 140 188

100 147 198
99 134 179

259 147 199
267 141 193

109 148 200
100 147 198

170 149 201
158 156 210

78 151 202
82 156 208

200 151 203
195 140 189

70 152 204
76 140 187

31 154 205
20 139 186

120 154 206
109 148 200

226 155 207
232 167 223

82 156 208
84 168 224

140 156 209
138 157 211

158 156 210
171 159 213

138 157 211
137 159 212

137 159 212
141 164 219

171 159 213
175 166 221

240 160 214
255 163 218

2 161 215
13 161 216

13 161 216
3 175 235

113 161 217
120 154 206

255 163 218
249 178 238

141 164 219
140 188 253

201 165 220
200 151 203

175 166 221
170 169 226

60 167 222
70 152 204

232 167 223
240 160 214

84 168 224
76 181 243

124 168 225
113 161 217

170 169 226
158 178 237

58 170 227
60 167 222

190 171 228
201 165 220

187 173 229
190 171 228

36 174 230
46 174 231

46 174 231
58 170 227

107 174 232
116 174 233

116 174 233
124 168 225

269 174 234
259 147 199

3 175 235
14 175 236

14 175 236
21 179 239

158 178 237
140 156 209

249 178 238
236 184 247

21 179 239
11 181 242

95 179 240
107 174 232

213 180 241
218 187 252

11 181 242
1 198 266

76 181 243
76 191 256

179 181 244
187 173 229

224 182 245
213 180 241

28 184 246
36 174 230

236 184 247
228 193 261

51 186 248
44 201 273

60 186 249
51 186 248

119 186 250
103 193 259

148 187 251
152 194 262

218 187 252
207 199 272

140 188 253
148 187 251

266 188 254
269 174 234

30 190 255
28 184 246

76 191 256
86 198 268

163 191 257
158 201 275

94 192 258
95 179 240

103 193 259
94 192 258

188 193 260
179 181 244

228 193 261
224 182 245

152 194 262
163 191 257

193 197 263
188 193 260

246 197 264
252 197 265

252 197 265
266 188 254

1 198 266
7 199 270

73 198 267
60 186 249

86 198 268
73 198 267

125 198 269
119 186 250

7 199 270
25 204 277

206 199 271
193 197 263

207 199 272
206 199 271

44 201 273
44 204 278

55 201 274
68 210 286

158 201 275
166 212 287

30 203 276
30 190 255

25 204 277
30 203 276

44 204 278
55 201 274

231 204 279
246 197 264

260 204 280
243 219 297

120 207 281
125 198 269

175 207 282
185 207 283

185 207 283
191 212 288

228 207 284
231 204 279

265 209 285
260 204 280

68 210 286
68 221 299

166 212 287
175 207 282

191 212 288
193 226 308

15 215 289
6 225 305

109 215 290
120 207 281

82 216 291
86 225 306

130 217 292
130 223 303

97 218 293
106 225 307

37 219 294
23 223 302

147 219 295
130 217 292

238 219 296
228 207 284

243 219 297
243 224 304

219 220 298
224 226 309

68 221 299
82 216 291

113 221 300
109 215 290

171 222 301
160 228 312

23 223 302
15 215 289

130 223 303
113 221 300

243 224 304
230 244 331

6 225 305
14 229 313

86 225 306
97 218 293

106 225 307
97 232 316

193 226 308
186 227 310

224 226 309
238 219 296

186 227 310
171 222 301

145 228 311
147 219 295

160 228 312
155 233 318

14 229 313
15 255 343

258 231 314
270 231 315

270 231 315
265 209 285

97 232 316
92 246 332

47 233 317
37 219 294

155 233 318
145 228 311

58 235 319
47 233 317

210 235 320
219 220 298

119 237 321
130 238 322

130 238 322
140 244 330

67 239 323
71 252 339

220 239 324
210 235 320

80 240 325
67 239 323

152 240 326
145 249 336

56 242 327
58 235 319

30 243 328
50 248 335

254 243 329
258 231 314

140 244 330
152 240 326

230 244 331
226 253 342

92 246 332
80 240 325

117 246 333
119 237 321

220 246 334
220 239 324

50 248 335
56 242 327

145 249 336
152 260 354

194 250 337
208 258 349

184 251 338
194 250 337

71 252 339
83 257 346

175 252 340
184 251 338

250 252 341
254 243 329

226 253 342
220 246 334

15 255 343
21 261 356

36 255 344
30 243 328

120 256 345
117 246 333

83 257 346
82 260 353

104 257 347
120 256 345

170 257 348
175 252 340

208 258 349
210 264 361

99 259 350
104 257 347

162 259 351
170 257 348

9 260 352
9 268 363

82 260 353
99 259 350

152 260 354
141 264 360

253 260 355
250 252 341

21 261 356
16 263 359

267 261 357
253 260 355

44 262 358
36 255 344

16 263 359
9 260 352

141 264 360
140 277 375

210 264 361
220 264 362

220 264 362
219 279 378

9 268 363
11 283 384

175 268 364
162 259 351

79 270 365
68 274 371

50 271 366
44 262 358

267 271 367
267 261 357

196 272 368
187 275 373

239 272 369
243 276 374

113 273 370
108 278 377

68 274 371
58 289 389

127 274 372
113 273 370

187 275 373
178 282 383

243 276 374
237 292 396

140 277 375
150 280 380

89 278 376
79 270 365

108 278 377
100 291 393

219 279 378
229 279 379

229 279 379
239 272 369

150 280 380
160 280 381

160 280 381
156 284 386

32 281 382
50 271 366

178 282 383
175 268 364

11 283 384
3 292 395

200 283 385
196 272 368

156 284 386
167 307 416

30 285 387
32 281 382

201 285 388
200 283 385

58 289 389
67 291 392

23 290 390
28 299 401

130 290 391
127 274 372

67 291 392
73 300 405

100 291 393
89 278 376

257 291 394
267 271 367

3 292 395
23 290 390

237 292 396
246 296 399

46 293 397
30 285 387

221 294 398
215 301 412

246 296 399
259 302 413

181 297 400
190 304 415

28 299 401
14 316 423

178 299 402
181 297 400

200 299 403
201 285 388

266 299 404
257 291 394

73 300 405
60 315 422

266 300 406
266 299 404

39 301 407
46 293 397

108 301 408
109 301 409

109 301 409
115 301 410

115 301 410
126 310 419

137 301 411
130 290 391

215 301 412
200 299 403

259 302 413
266 300 406

188 304 414
183 319 432

190 304 415
188 304 414

167 307 416
178 299 402

133 308 417
143 309 418

143 309 418
137 301 411

126 310 419
133 308 417

94 312 420
108 301 408

238 312 421
221 294 398

60 315 422
55 325 438

14 316 423
6 319 429

85 316 424
94 312 420

41 317 425
39 301 407

73 317 426
78 319 430

221 318 427
218 330 447

245 318 428
238 312 421

6 319 429
6 324 436

78 319 430
85 316 424

118 319 431
113 325 439

183 319 432
177 330 446

67 320 433
73 317 426

152 321 434
149 331 448

126 323 435
118 319 431

6 324 436
17 330 445

156 324 437
152 321 434

55 325 438
46 328 443

113 325 439
102 337 457

208 325 440
221 318 427

137 326 441
126 323 435

248 326 442
245 318 428

46 328 443
41 317 425

266 329 444
248 326 442

17 330 445
24 334 452

177 330 446
179 350 474

218 330 447
231 333 451

149 331 448
137 326 441

83 333 449
77 340 460

193 333 450
208 325 440

231 333 451
223 336 454

24 334 452
31 335 453

31 335 453
26 339 458

223 336 454
220 348 468

66 337 455
67 320 433

90 337 456
83 333 449

102 337 457
90 337 456

26 339 458
30 348 466

166 339 459
156 324 437

77 340 460
80 350 473

258 340 461
268 344 462

268 344 462
266 329 444

63 345 463
66 337 455

140 346 464
150 352 476

198 346 465
193 333 450

30 348 466
16 358 482

113 348 467
130 349 469

220 348 468
223 354 478

130 349 469
133 349 470

133 349 470
140 346 464

238 349 471
246 356 481

5 350 472
1 369 499

80 350 473
97 354 477

179 350 474
181 356 480

200 350 475
198 346 465

150 352 476
166 339 459

97 354 477
103 359 483

223 354 478
238 349 471

253 354 479
258 340 461

181 356 480
180 362 489

246 356 481
248 374 503

16 358 482
5 350 472

103 359 483
100 365 491

30 360 484
40 360 485

40 360 485
56 378 508

58 360 486
63 345 463

169 360 487
161 368 497

200 361 488
200 350 475

180 362 489
169 360 487

266 362 490
253 354 479

100 365 491
103 369 500

64 366 492
58 360 486

187 366 493
200 361 488

146 367 494
131 375 505

80 368 495
64 366 492

159 368 496
146 367 494

161 368 497
159 368 496

220 368 498
210 373 502

1 369 499
15 379 511

103 369 500
94 381 515

115 373 501
113 348 467

210 373 502
210 378 509

248 374 503
238 378 510

259 374 504
266 362 490

131 375 505
130 385 521

35 376 506
30 360 484

122 376 507
115 373 501

56 378 508
50 379 512

210 378 509
210 391 525

238 378 510
220 368 498

15 379 511
13 392 526

50 379 512
44 384 517

85 379 513
80 368 495

182 379 514
187 366 493

94 381 515
102 393 529

266 383 516
259 374 504

44 384 517
35 398 534

74 384 518
80 384 519

80 384 519
85 379 513

191 384 520
182 379 514

130 385 521
122 376 507

169 385 522
177 389 524

258 385 523
266 383 516

177 389 524
191 384 520

210 391 525
209 392 528

13 392 526
4 398 533

160 392 527
169 385 522

209 392 528
205 399 537

102 393 529
118 398 535

30 394 530
35 376 506

67 395 531
74 384 518

227 397 532
230 400 545

4 398 533
12 404 548

35 398 534
38 410 554

118 398 535
123 398 536

123 398 536
131 400 541

205 399 537
212 400 544

250 399 538
251 404 550

60 400 539
68 400 540

68 400 540
67 395 531

131 400 541
141 400 542

141 400 542
127 411 556

166 400 543
160 392 527

212 400 544
227 397 532

230 400 545
240 404 549

245 400 546
250 399 538

71 401 547
56 421 569

12 404 548
27 405 551

240 404 549
245 400 546

251 404 550
266 410 555

27 405 551
30 394 530

92 406 552
83 412 557

183 406 553
185 421 572

38 410 554
42 418 562

266 410 555
258 385 523

127 411 556
114 419 564

83 412 557
71 401 547

152 413 558
164 422 575

192 413 559
183 406 553

7 415 560
9 423 576

55 416 561
60 400 539

42 418 562
43 425 579

107 418 563
105 420 566

114 419 564
107 418 563

150 419 565
152 413 558

105 420 566
96 424 578

230 420 567
230 432 582

13 421 568
7 415 560

56 421 569
55 416 561

146 421 570
150 419 565

174 421 571
166 400 543

185 421 572
178 436 589

194 421 573
192 413 559

241 421 574
230 420 567

164 422 575
174 421 571

9 423 576
11 440 596

141 423 577
146 421 570

96 424 578
92 406 552

43 425 579
33 435 586

25 431 580
13 421 568

201 431 581
194 421 573

230 432 582
231 437 592

257 432 583
241 421 574

132 434 584
141 423 577

263 434 585
257 432 583

33 435 586
32 439 594

119 435 587
129 437 591

86 436 588
77 453 613

178 436 589
180 450 610

64 437 590
73 440 599

129 437 591
132 434 584

231 437 592
239 439 595

216 438 593
201 431 581

32 439 594
25 431 580

239 439 595
245 447 608

11 440 596
30 451 611

46 440 597
52 440 598

52 440 598
64 437 590

73 440 599
86 436 588

140 442 600
151 453 614

145 442 601
140 442 600

259 442 602
263 434 585

119 443 603
119 435 587

207 443 604
215 445 606

162 444 605
145 442 601

215 445 606
216 438 593

106 447 607
112 459 621

245 447 608
222 453 616

123 448 609
119 443 603

180 450 610
182 456 618

30 451 611
25 462 626

61 451 612
46 440 597

77 453 613
83 457 619

151 453 614
153 465 633

200 453 615
207 443 604

222 453 616
218 467 637

99 455 617
106 447 607

182 456 618
174 468 639

83 457 619
99 455 617

265 458 620
259 442 602

112 459 621
105 462 628

127 459 622
123 448 609

264 459 623
265 458 620

8 460 624
12 468 638

255 460 625
264 459 623

25 462 626
8 460 624

58 462 627
61 451 612

105 462 628
99 481 649

200 462 629
200 453 615

141 463 630
135 467 636

165 464 631
162 444 605

197 464 632
200 462 629

153 465 633
141 463 630

66 466 634
58 462 627

242 466 635
255 460 625

135 467 636
127 459 622

218 467 637
221 480 647

12 468 638
9 469 640

174 468 639
165 464 631

9 469 640
10 492 665

79 469 641
66 466 634

188 469 642
197 464 632

239 475 643
242 466 635

80 476 644
79 469 641

48 478 645
57 486 655

140 479 646
154 484 653

221 480 647
224 495 670

32 481 648
48 478 645

99 481 649
96 487 657

186 481 650
188 469 642

133 483 651
140 479 646

30 484 652
32 481 648

154 484 653
164 485 654

164 485 654
174 489 662

57 486 655
70 489 660

249 486 656
237 489 663

96 487 657
108 489 661

250 487 658
249 486 656

27 488 659
30 484 652

70 489 660
63 501 680

108 489 661
120 494 669

174 489 662
186 481 650

237 489 663
239 475 643

198 491 664
187 499 673

10 492 665
10 499 672

123 492 666
133 483 651

207 492 667
198 491 664

210 493 668
207 492 667

120 494 669
123 492 666

224 495 670
214 500 676

40 498 671
58 520 706

10 499 672
10 503 683

187 499 673
171 513 693

208 499 674
210 493 668

76 500 675
90 501 681

214 500 676
208 499 674

262 500 677
250 487 658

29 501 678
27 488 659

48 501 679
40 498 671

63 501 680
56 506 685

90 501 681
80 476 644

262 501 682
262 500 677

10 503 683
2 519 697

112 504 684
103 520 707

56 506 685
48 501 679

135 506 686
112 504 684

246 508 687
262 501 682

30 509 688
29 501 678

155 509 689
160 519 701

67 510 690
76 500 675

86 510 691
82 519 698

90 512 692
86 510 691

171 513 693
155 509 689

226 513 694
246 508 687

127 517 695
135 506 686

233 518 696
231 519 703

2 519 697
1 520 704

82 519 698
76 535 722

121 519 699
127 517 695

154 519 700
143 521 710

160 519 701
154 519 700

208 519 702
216 536 724

231 519 703
226 513 694

1 520 704
14 538 725

40 520 705
28 521 709

58 520 706
67 510 690

103 520 707
95 525 713

200 520 708
208 519 702

28 521 709
30 509 688

143 521 710
130 534 721

252 521 711
233 518 696

260 521 712
252 521 711

95 525 713
90 512 692

253 525 714
260 521 712

230 527 715
243 528 717

198 528 716
200 520 708

243 528 717
253 525 714

42 533 718
40 520 705

109 533 719
117 533 720

117 533 720
121 519 699

130 534 721
121 558 755

76 535 722
72 546 739

188 536 723
198 528 716

216 536 724
230 527 715

14 538 725
9 546 738

142 538 726
167 539 727

167 539 727
167 553 750

233 539 728
228 553 751

263 539 729
247 549 744

180 540 730
188 536 723

180 541 731
180 540 730

64 542 732
52 544 736

96 543 733
109 533 719

15 544 734
22 553 747

39 544 735
42 533 718

52 544 736
47 550 745

107 545 737
96 543 733

9 546 738
15 544 734

72 546 739
68 548 743

143 546 740
142 538 726

193 546 741
183 552 746

208 547 742
193 546 741

68 548 743
64 542 732

247 549 744
233 539 728

47 550 745
39 544 735

183 552 746
180 541 731

22 553 747
8 571 769

138 553 748
143 546 740

157 553 749
157 565 762

167 553 750
157 553 749

228 553 751
215 565 764

213 555 752
208 547 742

252 557 753
263 539 729

118 558 754
107 545 737

121 558 755
118 558 754

207 559 756
213 555 752

84 560 757
94 570 768

70 561 758
76 579 776

83 562 759
84 560 757

50 564 760
70 561 758

30 565 761
38 576 772

157 565 762
171 565 763

171 565 763
169 571 770

215 565 764
207 559 756

50 566 765
50 564 760

141 568 766
138 553 748

260 569 767
252 557 753

94 570 768
105 580 779

8 571 769
12 580 778

169 571 770
184 580 780

251 574 771
260 569 767

38 576 772
50 566 765

130 577 773
132 577 774

132 577 774
141 568 766

240 578 775
251 574 771

76 579 776
83 562 759

114 579 777
130 577 773

12 580 778
30 565 761

105 580 779
114 579 777

184 580 780
199 580 781

199 580 781
229 580 782

229 580 782
231 580 783

231 580 783
240 578 775

