1
13

2
715

3
11

4
3

5
710

6
718

7
717

8
7

9
10

10
702

11
694

12
14

13
12

14
18

15
6

16
701

17
100

18
99

19
16

20
19

21
697

22
692

23
28

24
93

25
21

26
27

27
91

28
690

29
25

30
96

31
38

32
684

33
36

34
65

35
679

36
35

37
44

38
47

39
29

40
42

41
80

42
49

43
46

44
39

45
686

46
32

47
30

48
40

49
41

50
108

51
66

52
60

53
73

54
72

55
54

56
58

57
55

58
57

59
51

60
59

61
62

62
56

63
84

64
115

65
67

66
50

67
82

68
109

69
112

70
63

71
106

72
53

73
74

74
111

75
114

76
113

77
76

78
34

79
37

80
671

81
685

82
31

83
85

84
86

85
64

86
15

87
98

88
102

89
88

90
68

91
92

92
95

93
688

94
691

95
23

96
687

97
89

98
20

99
26

100
101

101
90

102
87

103
97

104
70

105
61

106
104

107
78

108
117

109
69

110
83

111
77

112
52

113
75

114
110

115
116

116
71

117
107

118
649

119
123

120
641

121
120

122
650

123
168

124
169

125
126

126
172

127
132

128
133

129
284

130
129

131
128

132
171

133
127

134
148

135
136

136
150

137
134

138
137

139
140

140
162

141
152

142
166

143
163

144
173

145
144

146
149

147
602

148
135

149
147

150
151

151
121

152
153

153
608

154
161

155
164

156
632

157
609

158
154

159
638

160
158

161
610

162
636

163
174

164
143

165
605

166
165

167
124

168
167

169
170

170
125

171
122

172
146

173
142

174
176

175
179

176
178

177
145

178
183

179
177

180
184

181
182

182
180

183
181

184
175

185
553

186
187

187
551

188
548

189
544

190
257

191
535

192
247

193
267

194
198

195
269

196
199

197
195

198
197

199
236

200
237

201
207

202
538

203
200

204
202

205
246

206
242

207
205

208
221

209
222

210
522

211
210

212
511

213
509

214
213

215
229

216
223

217
227

218
215

219
218

220
513

221
514

222
343

223
225

224
216

225
516

226
224

227
243

228
220

229
217

230
322

231
230

232
321

233
330

234
233

235
240

236
201

237
206

238
204

239
235

240
234

241
238

242
239

243
241

244
219

245
255

246
245

247
208

248
515

249
253

250
251

251
248

252
249

253
512

254
256

255
244

256
192

257
196

258
189

259
194

260
193

261
264

262
263

263
525

264
260

265
258

266
523

267
268

268
271

269
524

270
191

271
275

272
259

273
277

274
272

275
273

276
280

277
282

278
274

279
131

280
278

281
276

282
279

283
281

284
283

285
288

286
291

287
285

288
504

289
286

290
287

291
290

292
294

293
298

294
408

295
299

296
417

297
488

298
295

299
485

300
493

301
300

302
289

303
318

304
357

305
317

306
308

307
309

308
305

309
315

310
402

311
314

312
313

313
311

314
361

315
310

316
358

317
303

318
319

319
307

320
328

321
320

322
331

323
332

324
325

325
323

326
231

327
326

328
334

329
333

330
232

331
228

332
329

333
337

334
327

335
483

336
335

337
336

338
348

339
338

340
499

341
349

342
341

343
344

344
346

345
510

346
350

347
497

348
324

349
352

350
351

351
340

352
347

353
354

354
502

355
356

356
304

357
306

358
360

359
355

360
489

361
363

362
316

363
474

364
468

365
404

366
374

367
373

368
372

369
472

370
369

371
370

372
371

373
368

374
367

375
366

376
375

377
376

378
377

379
378

380
379

381
380

382
381

383
382

384
383

385
400

386
389

387
388

388
384

389
387

390
391

391
386

392
390

393
392

394
393

395
401

396
395

397
407

398
312

399
385

400
394

401
397

402
396

403
475

404
292

405
406

406
398

407
399

408
409

409
413

410
421

411
412

412
457

413
461

414
462

415
410

416
420

417
416

418
476

419
467

420
419

421
422

422
423

423
424

424
365

425
429

426
425

427
426

428
427

429
415

430
428

431
430

432
431

433
432

434
435

435
433

436
434

437
436

438
437

439
438

440
439

441
440

442
441

443
445

444
442

445
446

446
448

447
444

448
449

449
451

450
447

451
453

452
450

453
411

454
456

455
466

456
455

457
458

458
293

459
460

460
463

461
414

462
443

463
452

464
465

465
459

466
464

467
418

468
469

469
470

470
454

471
473

472
471

473
405

474
403

475
362

476
477

477
297

478
479

479
490

480
491

481
478

482
481

483
359

484
301

485
484

486
487

487
296

488
480

489
364

490
486

491
492

492
495

493
494

494
500

495
342

496
482

497
339

498
345

499
496

500
501

501
302

502
503

503
505

504
507

505
506

506
212

507
498

508
353

509
508

510
214

511
252

512
250

513
254

514
519

515
526

516
518

517
521

518
520

519
226

520
517

521
209

522
262

523
265

524
266

525
261

526
527

527
211

528
540

529
547

530
534

531
528

532
533

533
539

534
203

535
536

536
532

537
531

538
270

539
537

540
541

541
529

542
545

543
542

544
568

545
190

546
549

547
564

548
543

549
563

550
557

551
573

552
558

553
554

554
186

555
556

556
188

557
555

558
597

559
575

560
565

561
552

562
560

563
561

564
546

565
530

566
574

567
585

568
576

569
571

570
582

571
570

572
581

573
566

574
550

575
185

576
572

577
567

578
577

579
578

580
579

581
589

582
583

583
607

584
580

585
604

586
587

587
569

588
590

589
586

590
594

591
593

592
559

593
596

594
592

595
599

596
562

597
595

598
591

599
601

600
598

601
139

602
584

603
130

604
603

605
600

606
588

607
138

608
606

609
160

610
620

611
631

612
656

613
611

614
630

615
616

616
633

617
623

618
615

619
637

620
156

621
141

622
618

623
622

624
625

625
627

626
667

627
658

628
614

629
626

630
617

631
155

632
612

633
159

634
635

635
621

636
157

637
629

638
619

639
640

640
643

641
639

642
644

643
645

644
634

645
652

646
642

647
648

648
651

649
119

650
118

651
653

652
647

653
105

654
662

655
613

656
675

657
661

658
657

659
628

660
624

661
665

662
659

663
660

664
663

665
654

666
664

667
676

668
680

669
677

670
681

671
682

672
79

673
683

674
655

675
678

676
646

677
672

678
668

679
666

680
670

681
669

682
673

683
674

684
81

685
48

686
33

687
103

688
689

689
45

690
43

691
22

692
696

693
24

694
722

695
94

696
698

697
721

698
693

699
695

700
17

701
709

702
711

703
712

704
703

705
5

706
714

707
708

708
719

709
8

710
9

711
699

712
713

713
4

714
705

715
724

716
706

717
716

718
707

719
720

720
700

721
704

722
723

723
2

724
1

43864