1
13

2
715

3
704

4
3

5
702

6
720

7
717

8
7

9
710

10
9

11
694

12
14

13
12

14
18

15
6

16
10

17
100

18
99

19
16

20
19

21
697

22
692

23
28

24
21

25
24

26
27

27
91

28
690

29
25

30
47

31
30

32
684

33
36

34
65

35
667

36
677

37
44

38
689

39
29

40
92

41
80

42
49

43
46

44
39

45
686

46
32

47
38

48
40

49
41

50
108

51
66

52
112

53
73

54
55

55
53

56
62

57
58

58
56

59
51

60
52

61
105

62
61

63
84

64
115

65
67

66
50

67
103

68
109

69
90

70
63

71
116

72
54

73
74

74
111

75
77

76
75

77
57

78
107

79
681

80
671

81
48

82
31

83
85

84
86

85
64

86
15

87
98

88
102

89
88

90
68

91
42

92
95

93
688

94
691

95
23

96
687

97
89

98
20

99
26

100
101

101
83

102
87

103
97

104
70

105
60

106
71

107
117

108
78

109
59

110
114

111
110

112
69

113
76

114
113

115
72

116
104

117
645

118
106

119
649

120
641

121
120

122
650

123
168

124
125

125
167

126
170

127
130

128
133

129
284

130
129

131
128

132
127

133
132

134
148

135
134

136
150

137
138

138
607

139
606

140
139

141
137

142
144

143
163

144
145

145
173

146
172

147
135

148
136

149
147

150
151

151
121

152
141

153
152

154
158

155
164

156
632

157
162

158
160

159
636

160
609

161
154

162
140

163
156

164
143

165
166

166
142

167
123

168
149

169
124

170
169

171
122

172
126

173
175

174
176

175
184

176
178

177
174

178
183

179
177

180
182

181
180

182
560

183
181

184
179

185
186

186
187

187
551

188
548

189
544

190
257

191
270

192
519

193
267

194
195

195
197

196
199

197
198

198
527

199
541

200
206

201
207

202
204

203
202

204
243

205
236

206
242

207
254

208
247

209
222

210
522

211
251

212
511

213
214

214
510

215
217

216
223

217
218

218
219

219
244

220
228

221
208

222
512

223
225

224
216

225
516

226
224

227
241

228
324

229
215

230
229

231
230

232
321

233
330

234
233

235
240

236
201

237
200

238
237

239
235

240
234

241
238

242
239

243
227

244
255

245
246

246
205

247
256

248
515

249
210

250
248

251
250

252
249

253
509

254
513

255
245

256
192

257
196

258
189

259
194

260
193

261
264

262
263

263
525

264
260

265
258

266
269

267
268

268
271

269
524

270
538

271
275

272
259

273
277

274
272

275
273

276
274

277
282

278
280

279
131

280
281

281
276

282
279

283
585

284
283

285
288

286
290

287
285

288
505

289
484

290
287

291
286

292
291

293
294

294
408

295
298

296
417

297
488

298
300

299
295

300
493

301
485

302
289

303
318

304
357

305
308

306
317

307
309

308
306

309
402

310
315

311
313

312
398

313
312

314
356

315
305

316
358

317
303

318
319

319
307

320
328

321
320

322
332

323
325

324
348

325
331

326
231

327
326

328
334

329
333

330
232

331
322

332
329

333
483

334
327

335
336

336
337

337
323

338
339

339
497

340
499

341
349

342
341

343
346

344
343

345
344

346
350

347
352

348
338

349
347

350
351

351
340

352
514

353
508

354
353

355
304

356
355

357
311

358
360

359
361

360
489

361
363

362
316

363
314

364
476

365
404

366
374

367
373

368
372

369
472

370
369

371
370

372
371

373
368

374
367

375
366

376
375

377
376

378
377

379
378

380
379

381
380

382
381

383
382

384
383

385
400

386
389

387
388

388
384

389
387

390
391

391
386

392
390

393
392

394
393

395
401

396
395

397
407

398
310

399
385

400
394

401
397

402
396

403
475

404
292

405
473

406
399

407
406

408
410

409
293

410
415

411
453

412
411

413
461

414
409

415
443

416
420

417
416

418
467

419
418

420
459

421
422

422
423

423
424

424
365

425
421

426
425

427
426

428
427

429
428

430
429

431
430

432
431

433
432

434
435

435
433

436
434

437
436

438
437

439
438

440
439

441
440

442
441

443
445

444
442

445
446

446
451

447
444

448
447

449
448

450
449

451
452

452
450

453
458

454
469

455
464

456
455

457
412

458
413

459
466

460
457

461
462

462
414

463
460

464
465

465
463

466
419

467
456

468
403

469
468

470
454

471
405

472
471

473
474

474
470

475
362

476
477

477
297

478
479

479
495

480
490

481
478

482
481

483
359

484
301

485
299

486
487

487
296

488
491

489
364

490
486

491
480

492
335

493
494

494
500

495
342

496
482

497
492

498
345

499
496

500
498

501
302

502
354

503
502

504
501

505
503

506
212

507
504

508
506

509
213

510
507

511
252

512
253

513
220

514
221

515
526

516
517

517
520

518
523

519
226

520
518

521
209

522
262

523
266

524
265

525
261

526
521

527
211

528
531

529
540

530
534

531
547

532
536

533
532

534
203

535
191

536
535

537
539

538
562

539
533

540
528

541
529

542
545

543
542

544
555

545
190

546
537

547
564

548
543

549
546

550
188

551
566

552
561

553
185

554
553

555
556

556
557

557
569

558
552

559
595

560
565

561
563

562
596

563
549

564
554

565
530

566
573

567
577

568
567

569
587

570
588

571
574

572
576

573
575

574
550

575
570

576
568

577
578

578
579

579
580

580
584

581
572

582
571

583
582

584
602

585
278

586
589

587
586

588
590

589
581

590
594

591
599

592
559

593
598

594
592

595
597

596
593

597
558

598
600

599
601

600
591

601
605

602
604

603
146

604
603

605
165

606
608

607
583

608
153

609
157

610
161

611
631

612
628

613
611

614
612

615
618

616
615

617
630

618
622

619
638

620
610

621
637

622
623

623
617

624
660

625
624

626
676

627
625

628
659

629
634

630
614

631
155

632
620

633
616

634
635

635
621

636
633

637
619

638
159

639
640

640
643

641
639

642
646

643
644

644
642

645
652

646
629

647
648

648
653

649
171

650
118

651
119

652
647

653
651

654
665

655
613

656
662

657
658

658
627

659
656

660
663

661
657

662
654

663
664

664
666

665
661

666
679

667
626

668
682

669
672

670
680

671
685

672
79

673
683

674
655

675
673

676
34

677
669

678
675

679
35

680
668

681
670

682
678

683
674

684
37

685
81

686
33

687
82

688
45

689
93

690
43

691
696

692
96

693
22

694
722

695
94

696
698

697
693

698
703

699
695

700
17

701
700

702
711

703
712

704
721

705
5

706
714

707
708

708
719

709
8

710
701

711
699

712
713

713
4

714
705

715
724

716
706

717
716

718
707

719
709

720
718

721
11

722
723

723
2

724
1

43915